0	441	54	76	105	364	266	750	679	761	65	430	751	481	864	430	587	759	596	568	631	60	735	704	967	384	66	393	903	444	506	115	738	422	542	252	175	325	239	620	849	830	216	285	758	926	489	98	723	393	903	119	542	58	150	506	412	627	841	481	436	264	937	204	555	327	549	612	977	370	657	604	260	889	282	775	659	289	880	387	398	818	221	92	805	760	173	643	230	175	911	8	779	37	427	518	427	882	780	863	519	363	816	239	728	288	5	933	247	922	782	23	389	897	150	38	652	125	421	458	885	900	529	7	332	755	191	672	929	88	266	402	561	823	187	909	364	348	849	254	528	993	115	512	534	464	84	973	67	699	
685	0	72	674	569	674	900	407	68	782	594	471	377	528	327	7	88	578	236	114	357	71	394	959	789	366	438	42	621	972	537	946	912	862	683	723	759	879	577	373	438	463	525	292	989	645	893	49	148	510	694	289	874	951	706	981	256	271	695	722	673	720	835	169	317	792	37	994	14	171	86	740	450	603	479	232	363	186	516	23	116	375	66	497	965	560	165	944	920	367	957	908	732	328	666	600	282	650	654	45	614	132	633	238	344	745	323	195	676	511	613	250	687	669	913	250	124	227	747	722	662	670	976	842	342	284	223	784	134	92	900	502	111	602	428	809	712	306	926	685	145	235	455	32	215	367	873	52	656	303	
589	865	0	17	531	46	291	550	99	928	247	715	344	689	587	24	446	767	151	498	878	10	271	952	767	779	354	634	549	364	312	833	165	218	375	875	247	777	158	910	309	63	430	823	571	708	358	611	552	712	103	765	924	70	655	481	306	247	417	537	936	882	268	663	444	394	3	474	754	321	645	476	475	908	62	307	352	494	470	630	831	185	256	699	85	914	838	158	773	453	403	332	424	466	225	889	101	270	412	711	859	140	551	273	181	365	13	439	133	126	875	578	220	569	420	370	640	663	653	909	647	917	946	83	780	236	320	760	48	461	20	66	778	244	508	596	802	572	909	307	2	692	661	222	678	945	850	435	742	980	
530	863	433	0	317	356	206	948	552	287	29	524	975	690	371	904	720	516	175	203	57	821	654	992	897	212	764	190	784	482	669	718	841	734	420	891	567	699	236	978	159	696	181	26	517	734	114	501	433	103	312	807	274	500	809	471	219	280	442	763	22	772	274	305	767	130	948	804	202	486	830	628	40	945	675	305	717	448	902	472	325	933	977	527	145	220	988	750	684	681	1	662	988	88	728	343	125	413	87	517	455	445	764	994	259	804	470	674	673	808	161	666	119	734	176	66	981	164	295	549	164	831	617	943	240	550	704	615	755	574	676	93	21	520	934	117	961	568	797	164	337	774	737	266	612	66	653	921	791	268	
650	694	538	210	0	274	453	196	958	690	777	882	743	364	925	220	567	820	908	64	900	89	904	660	755	294	401	382	90	890	76	278	380	861	414	998	667	388	529	40	96	62	663	505	879	464	356	605	962	557	457	35	834	282	973	986	909	922	839	852	28	334	538	306	100	391	888	816	344	414	530	811	661	316	974	400	238	325	595	350	529	403	953	415	161	584	780	355	541	292	987	222	473	472	644	899	476	521	394	41	754	777	377	781	635	67	57	191	444	806	33	633	540	428	766	294	577	635	221	968	708	427	661	237	82	993	449	314	4	419	620	568	242	173	709	846	148	284	430	279	721	962	159	486	483	897	672	71	74	650	
215	720	912	8	551	0	488	341	625	266	198	165	605	895	533	982	730	263	135	310	55	253	143	821	352	181	172	294	121	87	691	12	511	243	203	643	299	518	807	340	528	502	127	885	255	723	689	984	616	959	935	219	588	327	808	400	577	866	115	662	70	65	640	47	368	272	634	67	684	837	643	766	133	286	374	541	360	479	795	87	502	812	462	649	747	860	73	410	901	239	667	417	830	73	257	203	878	295	228	570	202	881	219	834	145	769	370	262	569	716	691	730	262	94	860	594	675	699	586	403	628	347	109	912	74	213	883	105	664	95	593	287	711	973	303	666	701	664	780	318	883	89	530	419	270	567	434	29	709	869	
539	764	565	263	416	948	0	362	230	944	135	392	713	498	729	721	303	743	677	207	403	354	271	651	431	6	25	407	316	488	841	538	729	669	939	722	82	492	771	142	43	639	118	388	981	174	234	329	239	700	883	343	977	382	591	652	750	594	484	57	152	412	440	199	352	255	514	377	693	634	847	214	212	784	639	789	754	781	977	287	255	341	364	991	171	239	968	709	389	379	564	571	209	600	913	855	681	657	367	547	472	369	87	193	939	436	880	699	377	639	190	162	996	683	336	765	720	534	73	533	404	691	865	806	343	835	564	785	69	12	212	984	586	617	387	656	294	730	395	958	521	765	785	948	520	517	543	323	225	34	
257	493	956	473	123	587	203	0	598	145	388	739	303	127	943	995	994	858	227	61	114	31	677	811	334	354	451	523	715	97	519	238	435	90	5	613	909	834	8	765	295	624	185	93	290	26	418	149	813	526	186	129	581	235	170	734	987	9	904	573	693	942	713	102	898	123	677	118	800	631	669	420	497	954	48	168	278	348	135	285	9	702	629	793	433	825	19	963	522	7	587	180	180	623	3	721	974	124	932	552	721	976	372	424	233	765	737	414	650	204	559	670	519	74	843	991	521	144	545	265	133	122	435	963	679	210	755	720	143	773	84	474	793	166	419	291	929	442	363	151	566	4	426	590	902	618	166	64	2	672	
36	129	780	811	42	480	774	448	0	307	515	581	502	795	781	446	794	388	251	472	514	160	875	266	451	439	357	182	454	356	998	582	185	819	603	510	747	278	396	362	610	729	81	393	192	850	545	426	122	821	864	910	795	246	720	303	153	40	540	311	223	990	953	812	827	424	222	603	48	440	318	114	798	830	115	610	937	689	477	557	408	766	715	220	246	558	465	236	782	939	267	634	475	531	961	485	806	649	83	267	588	944	191	550	486	457	872	192	282	799	929	901	810	473	643	841	580	456	292	242	306	817	385	726	515	333	460	8	698	263	537	103	917	558	438	199	209	892	865	796	523	94	431	372	786	997	745	837	724	883	
25	503	598	90	71	787	328	330	765	0	29	607	770	961	709	37	401	52	900	102	453	862	469	101	836	380	194	159	593	677	737	517	905	898	286	56	446	988	18	880	348	130	44	542	714	522	544	930	483	968	341	903	661	958	724	974	642	819	133	49	22	582	228	321	472	780	396	449	309	593	474	821	328	916	862	37	838	109	757	30	930	531	219	875	76	201	231	784	248	498	503	711	780	165	230	407	889	954	187	610	534	597	211	781	801	194	66	765	624	938	734	752	991	189	541	418	690	737	360	385	46	969	927	931	867	617	519	567	812	337	322	737	322	505	142	610	718	836	320	927	590	480	482	960	498	333	395	996	303	427	
638	851	475	33	574	396	18	691	104	969	0	785	492	313	328	537	845	410	370	846	732	65	625	689	464	706	966	938	459	413	441	914	930	290	469	400	58	690	554	707	627	384	837	471	153	913	245	315	400	319	39	842	800	820	493	145	177	37	530	385	9	4	649	28	691	235	975	38	355	302	757	140	224	224	771	888	696	185	418	760	746	870	112	715	440	649	529	453	164	803	932	565	60	655	580	885	649	17	552	722	876	511	654	798	2	415	891	938	370	809	373	783	948	222	533	126	693	929	799	542	224	724	364	559	31	167	794	461	530	413	906	375	447	735	491	128	810	141	997	110	831	705	240	193	398	231	158	558	934	579	
734	613	950	753	2	263	584	650	220	772	86	0	357	116	340	601	629	349	84	752	818	873	780	678	874	442	374	208	913	131	913	21	831	62	368	190	465	935	533	719	226	848	497	95	716	550	776	445	1	141	584	419	487	984	211	80	860	3	910	48	981	740	913	911	461	879	247	119	669	537	40	77	95	735	126	586	47	489	732	793	132	609	590	500	651	544	485	684	285	315	889	617	74	25	396	206	558	113	428	97	563	97	41	242	303	538	345	153	304	963	144	565	381	866	492	635	510	682	336	475	783	66	366	97	993	474	627	450	289	756	54	581	45	120	985	669	372	511	115	644	670	149	532	626	188	553	723	790	657	47	
621	381	601	312	439	233	769	792	917	523	831	400	0	308	515	939	92	365	687	206	744	131	395	721	511	536	944	538	213	682	656	379	661	548	433	995	405	634	792	290	129	236	15	671	237	343	402	995	415	104	335	715	156	827	69	962	426	451	662	190	685	275	247	892	606	676	839	302	65	56	262	444	86	902	625	913	523	279	467	127	240	705	758	357	730	601	818	592	484	390	565	984	643	372	300	341	873	223	984	633	612	704	229	976	784	125	687	133	346	43	726	246	934	791	739	436	588	894	587	739	262	354	844	305	590	886	878	797	670	987	820	181	895	388	762	397	253	694	250	756	163	997	522	585	315	107	7	30	377	114	
344	460	785	228	796	616	166	697	534	796	884	657	778	0	448	896	882	192	75	975	60	697	517	492	3	383	143	878	517	626	301	113	405	312	506	292	719	196	157	539	885	843	731	693	273	163	948	433	700	637	75	180	486	820	160	918	430	934	80	639	5	371	416	412	415	740	253	702	954	389	712	477	337	174	760	648	995	150	809	616	624	777	691	550	659	357	814	930	382	287	717	526	675	891	392	954	527	435	78	689	412	663	682	116	911	150	134	589	102	324	933	463	406	245	310	444	620	378	78	7	467	809	300	451	982	705	19	251	862	694	748	372	158	945	938	888	429	420	866	500	763	213	770	748	536	1	81	510	226	131	
400	300	29	965	544	542	503	510	939	415	44	68	959	319	0	144	36	969	825	988	192	598	349	963	680	312	153	4	492	782	4	522	273	541	491	379	402	782	607	702	177	32	622	201	438	336	82	978	447	805	791	420	625	897	856	108	534	165	885	308	727	116	470	607	867	36	627	102	97	352	974	627	147	793	417	661	172	197	893	547	27	488	18	292	208	795	654	190	454	179	288	910	201	788	132	767	83	733	820	286	282	213	348	214	107	494	406	23	429	561	968	701	31	442	267	678	452	485	821	91	761	281	1	547	203	821	430	108	262	560	549	451	980	789	487	286	546	951	799	161	858	65	739	102	660	98	432	616	126	854	
958	505	486	712	34	386	813	775	20	84	158	222	360	693	703	0	897	528	485	200	61	634	609	666	583	318	767	450	664	475	651	21	415	578	321	462	255	690	173	830	66	774	576	163	734	860	771	292	48	128	105	604	263	249	480	318	378	569	136	112	964	186	599	186	678	943	244	1000	238	409	82	382	807	244	279	541	193	25	718	539	218	853	563	7	541	882	549	301	410	36	464	534	598	727	475	997	549	463	863	517	69	928	794	87	573	967	779	266	934	664	607	563	776	793	858	296	192	71	402	896	104	248	665	710	711	785	801	549	627	832	125	605	701	581	261	582	332	461	546	885	677	183	403	509	17	715	112	1000	823	950	
589	638	739	643	465	805	527	183	599	730	673	660	860	727	397	305	0	867	838	749	159	638	420	382	519	653	241	701	66	867	287	586	721	631	320	595	951	17	862	44	811	630	453	910	538	486	524	430	100	571	772	415	246	228	463	626	512	100	718	213	48	485	732	713	951	88	62	577	42	57	863	344	156	390	422	186	506	841	507	454	799	231	99	82	584	383	320	456	299	991	852	168	76	675	319	445	504	720	703	820	310	209	896	50	770	111	61	582	820	814	597	135	600	277	89	735	23	518	164	72	614	311	884	574	246	576	905	869	380	791	108	852	521	912	458	331	805	296	888	337	952	948	889	913	1	342	734	213	626	168	
582	915	27	548	78	903	638	139	522	850	107	68	468	130	501	567	220	0	666	13	419	378	619	822	909	584	610	632	794	355	588	369	990	259	736	936	926	417	556	780	203	841	331	117	56	696	573	217	87	960	383	210	686	97	524	798	479	290	524	655	272	760	629	747	761	134	599	343	404	446	556	416	498	407	800	602	995	496	493	389	573	395	514	44	810	797	77	768	27	558	566	597	618	780	959	706	606	173	649	311	448	500	928	738	566	475	289	427	629	595	667	417	484	352	12	531	775	864	765	532	809	508	657	817	478	40	202	101	776	824	37	503	256	404	86	690	375	870	143	446	438	745	493	917	859	596	300	216	996	95	
701	338	737	742	564	277	165	419	374	76	173	640	995	185	765	774	145	361	0	479	128	249	420	869	723	142	257	393	2	650	545	163	389	459	186	3	193	831	1000	799	822	188	919	751	349	299	684	415	481	374	125	781	888	343	174	179	561	635	949	135	384	343	264	466	127	777	757	758	512	315	610	468	945	51	670	652	86	574	160	381	189	743	271	608	734	402	130	288	82	926	25	253	662	42	715	834	256	855	481	203	913	183	27	459	971	228	818	69	324	683	141	577	356	379	536	337	123	249	10	156	903	966	197	267	933	883	308	163	438	283	936	426	556	379	843	637	412	517	65	617	14	571	451	417	155	874	174	768	151	20	
900	711	359	563	626	585	933	851	817	621	665	119	984	171	778	463	642	531	269	0	576	564	730	445	261	514	286	557	981	587	285	322	628	490	153	115	222	990	734	805	473	84	111	418	43	635	230	19	468	144	706	30	989	684	262	81	553	355	376	855	611	925	391	778	528	763	417	323	678	346	827	566	357	780	274	201	501	648	818	126	809	670	469	46	571	7	887	793	559	60	775	300	908	558	248	610	792	70	640	158	523	271	401	175	352	944	718	77	31	230	736	355	142	66	91	622	530	567	930	557	704	86	146	930	872	765	62	472	733	829	998	356	582	555	269	929	689	914	859	831	400	39	441	836	972	85	347	86	2	146	
306	63	187	186	587	577	272	114	466	500	742	55	635	911	70	672	978	835	608	393	0	545	38	537	482	434	407	346	8	286	93	819	674	46	868	56	246	232	98	963	549	676	167	523	364	430	532	667	309	351	6	893	149	128	835	833	879	414	476	856	481	156	251	974	597	605	639	368	684	186	837	802	302	563	121	324	900	305	798	446	137	99	730	177	782	463	845	304	534	660	164	175	754	709	265	923	45	720	981	794	282	520	465	36	517	585	417	938	479	378	235	710	742	823	934	867	260	911	717	430	967	35	694	214	601	201	791	512	129	552	681	14	658	348	143	377	554	316	984	4	677	738	931	155	995	475	419	916	616	800	
123	620	146	596	467	37	704	855	580	519	873	378	857	253	259	748	286	161	989	685	925	0	171	439	281	999	637	912	127	928	123	944	194	758	977	255	215	523	181	38	936	337	951	821	65	37	814	132	306	871	957	382	44	217	397	307	335	39	245	725	738	310	296	477	428	879	230	695	884	541	29	411	908	93	209	965	596	462	81	159	572	898	492	973	560	12	492	122	267	978	226	418	318	356	323	743	576	461	106	312	714	378	509	998	971	369	84	977	610	940	679	283	370	622	191	987	291	101	736	861	414	696	989	423	833	731	637	871	908	273	957	707	707	761	94	273	597	244	136	745	332	222	846	48	726	555	100	326	643	381	
559	26	848	939	637	84	68	739	749	819	505	106	831	857	445	827	334	75	993	287	781	909	0	874	469	601	598	470	771	269	648	913	227	867	27	145	400	434	33	159	91	411	917	647	545	241	792	169	584	791	77	337	858	132	790	164	176	501	141	100	595	138	519	749	351	180	798	617	802	876	47	129	907	528	252	118	430	554	458	703	983	409	781	843	572	764	154	321	552	420	485	918	382	841	261	151	643	24	877	80	959	84	652	660	949	707	583	437	856	906	245	222	616	603	988	160	606	413	754	50	445	309	270	197	505	908	408	542	861	9	167	317	103	641	825	478	382	940	200	629	479	289	299	96	180	637	170	976	623	208	
559	640	806	896	969	944	135	867	410	396	941	54	867	385	99	523	991	968	249	227	758	687	213	0	928	443	739	315	551	791	714	312	740	215	33	299	990	884	905	158	100	466	839	228	856	779	76	995	939	324	866	995	649	977	872	991	439	717	456	300	2	220	999	152	65	124	293	694	406	920	326	558	225	224	120	170	190	534	382	934	488	146	796	15	61	408	187	776	364	144	903	56	117	887	728	648	96	364	838	164	576	814	960	41	249	548	839	390	376	132	870	13	930	64	733	35	168	973	831	782	481	662	392	911	408	290	835	560	976	233	202	528	941	132	527	332	877	518	715	920	279	101	6	655	26	597	774	959	681	656	
579	17	189	726	818	64	628	59	152	439	777	242	43	775	20	276	251	489	276	662	358	434	841	337	0	60	541	159	715	368	333	160	271	104	282	353	704	967	891	608	356	321	94	964	351	135	540	109	245	860	520	470	956	190	241	552	336	273	374	409	905	616	874	173	235	654	865	227	949	205	177	492	476	717	356	231	272	606	325	353	102	49	993	715	128	292	296	676	427	389	883	784	799	441	641	137	796	677	845	302	27	557	810	737	10	451	618	901	397	706	42	903	513	19	266	964	818	632	725	92	232	887	52	453	549	186	167	243	266	357	326	687	723	399	621	574	920	604	991	755	798	570	548	759	973	706	190	24	186	994	
296	688	512	985	424	815	219	10	95	996	326	381	670	960	733	226	315	315	229	528	380	507	67	685	35	0	698	578	318	635	471	305	49	418	664	324	633	800	895	857	962	935	978	486	942	27	624	274	120	3	48	561	542	248	796	476	660	870	574	256	263	266	738	461	126	139	533	858	824	467	180	727	210	143	783	556	200	573	111	240	351	206	942	604	8	780	191	513	223	62	254	999	452	538	488	160	834	914	118	68	214	810	318	310	810	816	83	246	819	741	782	513	472	315	476	646	716	952	418	882	454	26	447	631	302	627	9	656	738	376	251	576	267	164	653	764	866	690	628	30	967	754	388	651	459	131	675	343	731	531	
439	968	320	355	411	112	733	271	358	583	225	260	149	768	414	426	690	234	441	140	412	282	547	861	449	200	0	639	630	338	879	621	310	70	673	142	209	945	698	633	228	678	627	798	711	499	931	825	515	396	81	648	719	810	676	433	566	574	150	462	891	113	575	922	800	125	814	361	995	161	477	626	514	577	622	80	48	373	880	402	377	363	343	488	82	671	483	767	396	602	711	726	171	424	277	674	842	814	424	303	921	252	906	608	938	128	383	584	232	83	801	90	977	184	582	78	830	226	39	430	672	301	306	888	133	776	738	652	299	273	285	880	677	649	735	674	796	26	174	174	327	790	941	265	773	74	500	661	434	947	
816	269	737	831	575	220	82	448	239	369	524	332	327	894	52	168	86	729	479	663	243	66	340	661	684	806	781	0	177	787	596	775	155	814	174	192	817	838	882	425	800	194	609	661	985	997	495	17	866	141	341	563	663	286	596	688	481	174	635	808	638	882	594	141	712	633	231	661	810	399	921	283	969	317	124	645	920	423	725	641	878	686	118	721	739	215	755	658	273	459	102	615	920	136	488	691	260	9	33	559	291	778	738	416	938	686	169	901	519	716	974	711	652	103	171	345	602	390	120	411	677	883	600	826	23	351	230	994	519	206	676	558	899	711	86	919	699	679	202	644	560	902	522	345	949	306	814	155	357	387	
387	586	341	391	953	248	571	614	660	25	288	88	224	355	970	382	371	137	325	271	253	882	514	292	467	839	536	110	0	629	822	339	998	372	392	226	757	560	553	117	621	969	169	375	120	13	670	536	655	49	213	198	574	19	345	782	574	328	898	797	395	169	114	740	999	243	212	139	590	487	598	140	124	935	449	668	828	346	14	22	683	770	4	481	460	468	87	690	724	976	866	357	105	258	288	216	311	823	607	128	99	836	567	353	787	756	994	600	109	800	156	547	992	764	237	179	937	304	188	33	630	868	726	223	784	455	856	888	140	754	241	90	322	680	435	555	722	217	412	146	924	383	888	927	631	617	49	542	77	502	
681	224	397	884	871	875	808	522	657	499	607	98	953	464	133	595	363	82	794	222	878	130	63	911	24	907	329	567	983	0	433	552	240	462	377	111	720	100	177	921	25	252	257	817	504	224	234	466	661	142	358	545	794	280	153	920	168	175	622	565	438	456	493	98	964	378	67	541	959	86	466	395	733	224	531	553	971	941	465	395	157	285	272	736	79	379	590	950	905	667	672	962	944	60	440	819	323	374	262	208	306	909	693	638	918	486	384	118	157	865	764	519	405	792	175	112	107	575	433	976	684	925	586	434	379	258	4	115	540	577	627	542	586	56	354	122	588	437	808	194	300	699	747	341	691	526	275	95	959	444	
683	888	959	860	819	268	465	923	993	522	969	212	985	961	741	423	722	152	254	966	955	516	530	484	183	127	40	767	549	95	0	675	896	418	405	763	641	219	39	736	102	294	873	72	758	624	631	299	548	916	630	397	57	674	196	93	972	543	276	979	429	828	198	575	94	497	847	327	227	403	5	617	948	571	830	442	952	993	98	446	68	65	293	538	413	741	633	821	786	915	20	542	605	408	246	170	996	853	134	157	603	305	869	883	788	32	195	15	554	235	424	716	338	143	710	859	762	626	605	204	423	163	655	959	490	746	758	789	274	968	482	955	776	400	551	968	359	966	526	391	883	118	123	767	347	904	512	888	162	195	
175	312	554	1000	77	272	226	761	470	649	474	401	707	698	547	477	955	118	733	204	57	210	211	411	690	605	426	411	234	51	386	0	7	88	875	28	145	782	951	517	765	101	83	545	720	993	98	436	866	433	6	229	890	779	79	676	272	765	126	149	41	406	810	469	86	534	971	28	863	563	741	628	766	821	782	81	342	53	603	522	750	786	352	735	712	819	112	363	560	276	348	892	713	459	134	305	81	922	265	683	32	346	121	7	469	477	321	82	458	501	165	678	777	28	68	317	903	603	155	923	288	63	870	744	659	656	959	206	871	644	76	761	310	356	309	733	737	669	627	420	573	482	239	263	524	392	114	676	542	690	
792	258	170	182	715	433	656	327	957	581	961	541	78	901	361	418	23	302	595	445	981	678	501	509	483	662	958	94	105	695	718	168	0	881	296	77	441	956	558	559	863	304	326	317	899	829	687	463	954	952	308	298	302	551	8	604	156	823	818	48	263	778	123	598	261	477	758	113	792	89	896	1000	560	447	128	837	991	474	808	442	454	56	596	726	486	161	275	322	369	923	164	616	9	221	355	894	257	675	620	239	476	194	94	923	474	268	700	113	770	45	128	898	4	799	41	991	390	915	447	101	386	953	156	720	430	410	725	398	276	4	113	646	107	238	745	353	566	917	9	127	171	926	918	509	758	76	769	598	927	340	
435	7	49	48	41	575	69	137	906	143	38	32	797	687	822	310	9	321	322	819	816	561	345	388	555	269	467	824	932	978	687	86	488	0	344	565	615	859	326	149	385	281	544	328	63	722	408	974	315	293	708	367	829	136	23	894	57	591	945	250	716	243	27	479	383	565	262	206	263	603	44	880	187	570	26	528	136	190	251	825	579	573	168	621	613	778	815	633	443	753	618	525	158	670	34	96	887	731	459	539	640	361	729	685	1000	439	323	623	493	297	888	393	550	771	439	373	497	574	171	57	643	873	679	771	294	900	750	9	536	225	942	38	594	709	846	204	93	189	485	662	716	700	613	140	262	676	33	205	386	75	
714	952	873	192	600	140	774	486	87	905	225	928	496	702	244	245	482	525	397	999	104	523	518	238	956	748	865	259	540	71	616	697	533	477	0	772	358	862	8	748	699	118	458	897	360	751	667	215	364	189	184	191	987	850	688	187	385	836	344	633	357	330	753	27	578	875	312	262	426	23	191	570	836	146	251	385	448	350	134	564	480	447	469	106	377	405	236	442	794	638	272	492	221	619	637	731	107	220	49	453	325	189	33	862	984	99	156	177	761	778	597	153	497	897	348	199	570	65	310	813	451	369	92	186	737	629	634	39	239	136	801	274	390	544	711	984	720	369	189	577	274	533	225	46	881	642	237	806	606	364	
120	258	596	269	348	581	737	434	559	304	180	728	822	309	134	279	767	570	948	277	350	8	372	726	946	813	349	179	304	687	932	688	777	10	725	0	507	728	964	622	113	526	310	930	419	657	493	941	202	810	683	59	70	87	552	542	709	289	292	648	466	398	489	101	732	153	269	124	641	208	670	504	595	246	649	746	401	226	348	834	361	49	426	470	389	600	871	217	683	916	757	311	625	581	910	144	201	256	275	108	697	676	924	134	583	31	345	908	259	738	816	245	653	754	872	620	872	233	750	469	391	20	518	365	704	134	836	662	878	926	699	243	627	236	606	137	93	721	693	951	504	543	426	16	285	799	597	742	18	618	
93	9	121	394	624	392	677	554	436	199	395	299	254	425	774	208	412	312	221	828	262	740	576	515	594	624	473	654	681	323	320	299	459	189	242	429	0	90	232	218	783	606	170	856	647	388	736	946	665	925	332	304	392	284	858	380	436	552	960	514	89	403	876	132	269	458	770	129	116	206	750	927	983	754	935	214	306	749	117	647	53	618	45	829	286	567	450	443	844	724	782	783	7	84	937	573	38	352	920	774	977	994	66	794	529	711	959	500	676	25	467	6	109	12	170	989	748	351	147	757	954	349	26	432	376	13	833	851	264	526	214	410	435	679	627	45	12	662	346	754	294	872	239	382	250	353	603	590	83	915	
374	243	966	556	37	157	227	211	380	407	353	716	565	884	210	293	602	63	474	679	143	97	990	449	916	295	338	633	114	218	428	973	579	516	759	57	494	0	735	962	977	955	608	931	546	365	820	854	68	182	161	170	418	271	192	197	653	1000	426	991	574	644	305	53	275	1	816	967	988	327	485	44	806	422	982	532	223	341	618	287	739	120	810	804	423	58	784	180	884	483	686	968	174	12	289	992	310	369	615	901	300	493	40	769	465	204	522	982	380	165	527	725	780	423	946	64	589	703	623	801	510	686	611	317	627	439	924	411	302	434	314	89	603	970	575	569	459	982	842	480	930	614	106	520	165	124	665	318	702	582	
311	222	403	649	433	229	403	560	274	544	210	277	704	43	87	534	578	405	796	692	793	746	743	408	924	552	607	743	992	454	896	712	223	738	938	739	849	418	0	934	877	481	989	500	929	274	188	833	673	849	835	452	61	380	716	507	138	627	69	554	895	878	504	196	517	48	709	460	45	178	507	702	838	699	644	370	983	975	234	273	746	965	788	139	609	541	470	264	805	945	920	957	917	740	253	442	60	553	326	585	982	973	104	842	996	159	236	989	822	151	502	727	753	581	720	608	345	907	376	476	281	846	247	738	168	617	163	665	46	282	615	897	687	409	33	73	79	174	397	333	551	74	368	866	871	897	224	45	837	735	
482	424	381	913	331	855	569	781	451	947	818	92	199	716	88	894	566	540	686	295	751	41	602	713	121	483	148	426	954	440	372	279	516	276	25	274	749	469	759	0	896	246	254	665	381	534	401	904	996	424	435	594	922	826	795	894	731	263	491	39	991	168	450	799	958	726	552	310	65	907	244	707	323	194	979	978	400	908	514	879	212	845	606	218	535	214	9	372	416	284	152	177	960	184	538	757	577	273	428	740	806	583	347	869	349	89	26	326	866	441	349	246	965	446	20	615	855	107	604	539	289	582	386	297	478	924	138	375	178	299	663	922	490	616	148	492	190	473	258	381	653	854	707	797	839	132	230	481	449	225	
932	388	29	79	931	544	72	907	184	805	192	165	139	409	725	213	53	80	990	108	357	294	872	929	659	811	651	717	213	455	430	729	153	934	244	374	177	237	974	949	0	813	758	747	680	854	624	125	344	207	931	590	201	889	18	947	819	711	897	608	3	527	281	452	1	162	986	471	514	869	569	801	1	201	435	900	866	928	400	924	648	490	594	222	176	775	984	383	740	173	615	846	468	316	344	21	330	56	608	708	533	871	372	175	313	492	59	634	197	835	976	593	61	750	416	348	137	823	729	459	973	559	852	198	114	150	972	881	837	972	655	814	678	399	421	571	964	102	414	861	896	470	233	685	351	338	995	58	707	193	
196	303	932	115	752	655	83	179	364	390	472	243	8	410	877	325	364	466	170	878	6	422	330	8	923	831	886	648	955	671	656	932	738	284	99	361	252	673	41	445	361	0	150	485	480	266	978	42	336	955	190	443	245	129	851	389	50	741	671	866	734	713	132	271	906	347	385	17	555	8	333	795	338	211	377	491	26	894	461	301	545	191	310	128	523	407	615	640	548	488	925	555	693	941	383	521	401	654	366	597	919	3	714	441	370	569	61	473	192	539	500	230	880	107	778	935	608	649	799	635	342	675	626	354	125	102	227	588	290	467	532	817	951	246	520	987	175	731	508	713	331	714	125	854	157	981	323	873	596	759	
261	374	855	383	349	189	829	148	693	873	564	700	498	20	881	696	151	657	504	634	565	554	763	346	66	947	312	197	680	550	86	360	480	537	401	403	214	125	111	593	975	224	0	873	974	728	78	142	946	936	659	692	390	625	244	8	996	979	966	400	12	202	943	416	636	633	92	410	400	422	523	545	203	192	706	679	484	158	999	741	4	666	113	268	214	927	791	162	408	447	584	831	394	15	554	888	29	54	383	899	678	716	341	676	770	392	365	336	132	109	623	352	741	990	659	808	267	487	107	984	421	518	919	899	414	329	793	615	768	777	274	540	948	384	909	552	879	320	931	546	462	908	86	917	749	323	850	8	580	633	
400	44	596	96	845	253	553	360	594	908	576	530	310	356	98	795	81	420	601	111	346	437	891	964	428	885	645	169	988	987	826	470	710	340	284	853	144	660	930	170	495	49	499	0	200	249	493	353	324	83	106	569	901	540	419	11	692	449	672	605	800	826	682	853	181	445	144	630	318	586	242	842	601	399	356	305	835	836	213	417	195	738	328	903	683	887	322	285	892	85	198	524	113	797	918	148	31	77	234	266	483	154	541	456	572	738	118	787	715	496	133	561	409	933	615	282	912	445	100	586	836	105	654	627	931	315	101	71	58	143	121	382	498	47	383	349	548	847	359	65	513	635	757	2	581	622	463	875	204	21	
287	193	413	339	666	626	542	782	831	927	80	313	516	661	749	147	550	737	536	592	375	746	828	343	941	828	31	660	872	641	407	871	76	795	286	988	128	24	395	276	222	892	529	325	0	708	573	475	317	106	11	856	436	662	695	956	459	660	70	463	431	578	333	226	467	242	183	663	781	209	581	864	863	112	549	844	745	881	615	381	637	309	436	140	979	755	335	353	502	11	632	126	919	52	959	364	729	451	862	601	349	509	850	256	518	391	587	544	207	27	306	634	403	461	147	565	581	623	811	940	978	211	291	275	940	271	14	382	561	949	671	163	619	667	639	568	737	297	174	696	709	873	959	26	823	60	761	386	971	42	
130	29	838	594	999	15	911	947	322	839	779	409	396	493	121	293	779	962	464	262	45	905	853	117	605	45	625	648	461	868	243	988	717	626	482	80	347	761	78	760	964	687	719	319	690	0	280	214	497	663	525	323	768	648	861	766	957	837	644	986	426	376	354	790	941	860	437	526	783	104	937	522	429	44	806	397	823	619	523	89	896	402	810	922	950	536	795	480	98	39	398	760	713	505	500	836	116	566	325	338	325	142	583	387	644	153	773	46	881	887	534	772	306	901	992	85	527	205	484	555	444	314	348	20	415	794	274	206	2	636	315	198	59	275	980	722	827	212	91	112	876	373	401	654	815	623	247	84	876	486	
15	918	938	94	460	359	90	752	189	322	752	125	661	602	849	426	255	565	139	397	424	725	777	830	61	655	14	753	607	407	725	156	788	564	262	300	864	511	651	373	532	442	627	650	245	31	0	519	921	848	630	780	138	133	531	440	650	457	599	232	267	337	758	154	630	748	618	62	644	920	430	362	985	671	884	254	314	411	643	709	265	208	156	614	662	273	92	305	168	614	838	998	932	860	522	362	965	149	969	259	861	74	586	607	627	55	802	368	246	198	119	178	601	630	750	312	447	292	182	468	56	98	93	878	773	528	601	206	625	561	409	973	176	312	597	425	444	906	715	368	902	270	284	808	714	186	86	283	766	335	
331	376	164	560	146	176	837	622	812	591	481	328	26	596	141	705	62	674	452	227	975	927	921	523	944	365	259	28	435	367	146	241	210	63	281	189	150	934	965	117	956	611	509	873	277	23	795	0	326	796	864	146	399	997	453	39	246	893	969	837	85	133	980	908	10	778	983	538	187	322	158	716	149	279	410	398	164	144	352	202	870	833	860	358	280	31	858	249	190	601	326	919	132	652	970	627	339	373	176	468	137	476	897	515	551	247	326	172	481	516	485	219	265	420	878	329	341	692	253	31	499	758	331	154	954	992	457	672	314	618	804	18	631	957	399	202	314	771	973	566	417	810	991	958	64	717	253	707	63	660	
560	192	549	267	159	294	414	289	528	666	258	49	146	306	806	550	416	480	894	515	161	653	339	344	477	322	281	172	747	779	5	215	897	29	573	15	947	34	688	975	544	26	880	186	601	556	877	30	0	972	774	140	54	280	681	695	200	57	472	863	377	398	10	39	934	353	94	803	572	111	175	960	82	833	656	358	997	458	937	604	308	290	299	595	950	842	73	245	361	273	591	679	676	671	735	813	527	592	34	861	721	491	692	799	474	227	19	491	667	53	185	827	130	99	64	963	746	481	589	758	571	247	888	531	93	382	163	824	539	174	449	69	462	510	970	244	383	526	836	311	362	682	51	395	303	631	796	948	130	180	
702	618	245	993	363	146	405	698	214	575	42	466	732	906	11	250	32	184	570	337	618	779	163	688	320	236	467	86	320	575	78	578	756	215	561	871	271	180	298	445	679	882	781	805	67	548	32	373	7	0	817	929	933	366	478	135	537	255	820	398	704	411	403	710	132	966	23	598	907	892	218	445	29	454	410	258	263	893	100	405	664	502	889	422	858	639	760	92	883	993	469	168	925	174	81	435	954	493	57	196	396	299	539	503	747	149	598	115	184	675	593	227	27	231	688	839	928	254	66	995	895	542	510	681	692	433	23	35	508	368	646	867	369	284	583	574	479	9	662	286	112	669	988	808	253	775	44	342	159	51	
67	789	933	853	816	673	686	107	503	47	145	32	660	884	363	502	719	676	761	389	667	845	863	385	939	909	720	896	407	617	70	893	363	401	941	518	873	16	91	69	489	992	34	333	53	885	650	26	10	344	0	713	814	452	391	988	362	497	507	458	530	696	490	918	668	483	206	982	466	411	110	827	518	180	300	768	222	17	111	237	560	448	561	110	223	705	428	8	158	403	792	316	484	448	848	1000	57	114	30	9	873	238	724	549	375	400	925	521	595	895	866	870	223	954	529	545	958	355	220	483	590	867	406	798	439	974	179	42	460	640	680	326	482	472	688	187	887	901	193	589	989	503	287	563	999	607	359	802	699	944	
166	941	569	487	203	528	251	898	35	276	373	142	876	357	982	547	436	99	791	899	490	158	812	737	876	301	361	951	451	177	607	259	732	877	424	26	257	713	951	157	568	208	242	323	626	110	700	439	230	454	615	0	771	342	762	183	342	203	804	37	922	349	693	946	465	749	829	346	241	855	218	675	229	530	308	614	119	82	784	837	898	704	620	374	821	263	291	23	533	898	64	546	153	349	656	619	972	346	763	248	518	501	492	968	140	969	785	983	394	148	861	769	526	248	236	412	279	980	287	500	910	963	273	665	739	195	792	707	35	249	456	833	936	610	869	14	762	69	119	405	173	408	11	511	467	928	912	563	843	669	
878	885	82	229	662	497	401	79	414	162	918	787	652	830	504	120	37	940	974	78	990	730	407	430	491	720	639	567	990	448	600	490	546	554	199	359	664	99	321	945	722	110	966	352	294	759	389	414	342	979	968	541	0	118	291	977	230	909	995	580	892	319	182	799	283	962	132	32	851	983	855	78	882	268	554	602	705	368	859	991	556	174	539	784	904	190	451	225	41	528	505	297	161	19	435	687	872	77	43	354	800	291	868	245	264	723	668	27	900	592	698	334	594	118	130	703	912	863	127	121	309	430	129	415	765	409	135	368	761	268	190	487	598	532	570	24	612	649	269	983	594	191	334	139	561	806	443	852	142	833	
730	865	699	349	620	101	392	83	3	178	974	495	814	830	773	849	883	774	199	188	276	528	44	821	381	589	631	294	108	903	536	996	458	815	556	142	137	835	330	63	15	614	448	606	330	328	149	427	516	623	975	373	89	0	566	337	714	943	261	37	990	326	73	104	288	767	493	206	17	249	105	699	718	170	99	565	568	795	3	686	650	208	20	414	587	446	239	624	765	149	657	620	117	240	657	685	76	906	883	195	301	396	248	988	312	493	985	230	934	441	658	873	174	948	180	363	872	489	773	427	680	686	979	274	861	403	727	951	770	379	359	282	676	425	143	211	149	799	553	260	681	603	402	564	391	755	711	189	314	770	
471	329	593	731	123	272	452	470	436	941	744	249	763	138	708	361	751	289	269	393	778	453	599	793	893	680	429	435	381	478	194	18	414	746	449	484	607	407	242	42	710	993	879	533	94	725	854	563	270	903	215	138	796	291	0	600	932	98	278	151	820	191	725	608	297	993	461	624	704	185	918	9	822	328	42	790	110	49	146	618	872	518	867	500	155	440	772	22	812	65	708	926	999	532	178	540	382	144	556	765	872	537	492	808	227	303	392	831	813	251	257	696	463	87	599	372	820	701	810	479	632	619	387	90	84	725	533	94	385	115	478	26	27	965	35	886	9	37	875	624	265	716	362	599	689	879	41	119	68	267	
764	781	233	895	868	787	210	785	934	725	900	235	972	757	234	543	898	844	327	169	691	994	884	924	445	729	774	880	275	461	323	523	282	318	631	573	998	824	74	656	277	10	316	607	684	351	812	430	185	98	54	651	408	37	107	0	52	10	604	885	546	443	157	339	244	620	834	481	646	992	283	91	442	138	413	508	648	23	168	874	787	680	256	861	52	355	585	864	667	241	633	294	251	291	168	49	902	321	499	311	952	900	746	238	712	773	982	450	549	765	535	788	165	614	741	133	411	994	206	643	802	771	271	451	845	626	494	24	897	380	528	58	38	833	302	979	193	727	421	526	118	55	822	945	812	974	99	661	617	390	
203	187	111	214	400	673	487	856	103	246	558	466	792	602	365	735	471	337	542	686	17	297	171	563	363	530	904	653	528	342	868	904	385	33	21	867	18	227	186	221	931	795	908	236	516	390	871	918	812	360	573	91	948	427	605	330	0	999	214	778	300	45	247	142	494	64	436	41	547	711	711	725	329	953	8	900	794	580	583	571	758	159	586	336	295	972	987	91	997	538	998	233	11	90	321	495	722	752	749	917	212	717	437	664	548	347	245	876	228	912	980	794	231	238	340	503	936	42	994	381	499	292	601	462	562	150	452	525	210	769	812	552	344	92	822	947	918	559	121	414	74	631	486	179	377	122	745	976	32	622	
799	4	139	76	304	119	18	139	399	378	952	98	488	314	565	318	690	991	7	774	44	714	317	906	717	142	604	315	406	53	118	135	931	102	287	444	875	254	817	551	795	278	235	301	898	963	21	690	40	59	983	143	680	974	923	330	392	0	947	617	593	494	957	177	54	93	62	678	682	409	147	153	539	983	991	947	600	721	188	303	159	976	959	615	92	251	252	542	77	639	99	486	931	431	609	643	44	326	577	344	583	954	468	432	71	644	831	575	492	125	373	683	30	780	812	733	11	469	836	572	211	763	717	348	347	897	624	163	47	382	193	684	907	655	819	744	539	634	653	441	513	840	596	185	727	370	281	539	333	303	
172	95	382	404	697	708	823	134	10	833	199	116	461	164	685	608	496	695	382	216	930	696	94	848	331	513	25	74	342	295	154	816	870	174	124	913	16	364	848	99	472	501	454	561	14	80	687	5	953	271	465	294	604	324	244	389	513	354	0	590	861	516	331	378	26	770	785	863	515	889	486	645	618	640	695	418	852	795	862	879	756	112	511	5	645	238	142	940	264	471	847	204	106	402	109	877	506	102	191	605	74	684	304	176	931	845	391	285	606	524	471	38	568	284	63	568	757	397	796	124	993	995	573	236	58	376	623	26	90	260	802	246	629	242	652	135	374	572	549	133	6	1	467	140	167	246	399	610	685	267	
303	244	191	40	869	710	141	895	768	403	402	635	9	804	324	482	425	492	769	7	113	395	181	571	10	664	537	397	599	709	198	271	743	22	659	19	983	234	418	190	736	390	321	708	420	878	16	636	887	181	503	725	171	158	130	121	93	828	991	0	905	263	23	167	681	29	376	828	974	147	72	594	805	782	572	752	957	859	955	129	16	134	642	446	302	332	560	30	619	770	118	793	26	439	601	177	314	903	732	547	640	578	71	548	133	300	268	391	25	366	412	566	943	558	285	263	403	882	159	929	810	234	455	766	17	391	379	380	761	711	784	759	985	402	968	33	36	209	72	189	477	894	209	336	48	687	788	873	459	95	
868	282	517	974	567	527	757	63	877	871	462	627	196	897	602	501	83	441	533	101	542	122	811	913	962	318	44	345	569	988	526	921	719	722	108	541	614	412	591	919	503	387	402	661	602	184	10	433	392	339	341	561	743	960	682	576	102	873	418	724	0	778	346	357	66	96	216	264	390	563	84	557	568	248	839	572	419	905	869	193	512	223	167	334	307	243	956	978	20	950	161	506	848	72	937	631	144	502	677	440	507	816	695	321	136	530	476	116	807	280	456	296	961	23	310	623	892	810	929	444	291	483	589	652	37	306	777	956	525	99	425	940	243	43	422	779	665	579	257	115	632	568	472	390	755	594	488	864	700	251	
948	591	727	491	133	281	516	378	443	637	792	93	650	845	14	653	769	217	945	284	247	800	462	417	238	475	552	622	364	98	948	344	112	787	38	886	946	592	267	918	231	905	673	117	955	545	836	557	423	621	682	348	685	411	1	675	97	15	991	916	475	0	836	450	599	539	97	226	238	356	401	412	527	996	616	952	155	578	979	789	637	401	671	99	669	684	500	17	229	882	99	392	867	533	438	320	801	605	48	433	697	794	765	669	77	618	394	789	542	168	160	857	275	510	205	99	421	532	932	878	169	985	278	595	525	121	41	572	934	15	560	557	305	869	51	520	640	467	488	96	272	780	650	248	361	47	761	36	973	156	
346	784	853	589	265	584	520	231	628	984	253	193	18	709	684	829	243	883	328	468	73	769	383	575	784	378	749	563	498	245	277	125	999	535	842	830	235	327	373	264	191	235	520	354	428	449	114	561	566	672	220	576	790	616	340	424	746	887	335	939	345	510	0	637	414	385	459	967	173	524	544	492	260	571	300	693	739	33	17	229	129	555	934	133	229	670	429	727	72	265	87	681	775	85	831	12	640	850	789	566	338	628	100	333	898	615	989	5	843	998	405	12	470	594	317	387	195	441	448	711	367	844	819	154	998	734	424	948	58	746	819	709	836	508	609	544	35	251	709	424	723	885	821	334	928	307	228	806	195	527	
666	350	636	68	289	89	257	700	721	107	869	808	678	670	436	283	904	588	862	487	468	422	923	717	153	188	486	935	517	414	45	513	985	50	543	831	307	559	991	88	66	810	608	476	559	527	930	233	498	586	52	340	570	670	546	678	505	918	537	493	23	274	280	0	142	295	108	161	807	207	908	201	929	91	193	988	574	20	793	133	871	117	10	380	905	223	881	416	649	966	220	112	310	259	419	997	390	698	404	506	748	463	448	606	416	573	279	897	702	223	19	653	100	243	916	31	823	627	503	686	669	70	213	420	489	727	385	779	626	980	242	929	716	377	458	487	971	806	982	326	5	87	727	819	752	266	784	829	45	654	
952	996	475	802	66	541	982	604	676	771	913	675	742	959	785	319	259	611	412	999	28	444	707	971	939	55	356	332	677	237	835	705	148	777	729	131	372	426	285	594	300	604	475	1	911	300	874	256	908	307	715	577	338	58	806	229	648	504	367	496	780	896	1	546	0	747	486	25	471	305	507	671	1	536	471	232	157	342	991	216	988	659	391	318	946	112	849	384	116	350	103	401	566	397	317	896	778	676	835	115	688	161	17	491	498	866	820	265	23	819	16	50	147	40	6	591	732	974	209	64	416	813	579	539	797	952	189	183	66	64	559	981	628	358	668	409	819	272	122	886	999	174	768	696	965	853	249	830	238	667	
865	783	817	4	149	19	895	221	839	374	440	543	954	465	589	198	507	866	998	11	337	29	861	359	743	554	506	560	311	489	751	521	489	252	303	397	52	244	547	636	700	454	998	17	37	638	850	339	295	381	737	771	291	328	673	749	380	33	898	203	337	954	9	518	858	0	31	154	734	857	75	657	444	684	790	434	590	152	501	371	19	128	250	734	47	221	342	411	537	224	388	637	20	567	72	963	459	924	688	322	960	84	306	42	550	38	990	510	637	362	213	328	670	45	386	588	769	466	327	803	803	762	884	283	219	192	852	781	567	46	408	288	523	580	120	36	210	419	511	585	271	292	630	112	6	958	172	195	671	616	
700	721	211	587	631	228	818	732	229	847	884	225	614	130	374	682	165	656	800	658	119	619	340	589	769	102	930	188	376	818	922	519	572	93	849	235	288	233	263	196	67	225	872	332	810	529	203	517	250	366	47	460	825	868	428	390	340	583	929	463	238	555	962	584	984	224	0	388	345	52	352	44	152	926	731	44	416	581	462	200	470	646	615	337	168	18	491	623	391	217	364	844	614	383	797	966	939	366	168	854	501	669	11	79	655	759	93	336	933	518	271	758	484	785	833	868	303	100	642	748	311	736	397	403	954	442	304	848	39	152	431	925	393	730	464	329	554	981	560	268	210	61	902	77	224	492	366	497	792	550	
913	901	358	392	922	222	362	360	436	22	61	630	499	634	114	67	265	257	952	936	58	16	984	427	593	556	682	822	772	432	668	857	886	840	301	609	555	964	663	392	617	409	276	318	542	596	707	128	100	529	514	129	964	571	630	911	722	333	337	991	365	1000	139	123	282	670	164	0	739	201	254	321	338	104	129	141	898	942	85	546	138	723	311	392	527	871	815	700	817	424	46	461	144	135	419	52	462	421	159	994	63	674	997	439	78	751	574	975	978	837	259	183	633	717	276	529	491	121	282	620	66	506	840	584	120	524	719	432	66	151	346	864	556	776	519	761	37	479	639	283	860	738	559	579	691	34	832	125	307	972	
557	220	353	538	595	255	151	723	589	406	438	225	776	870	354	753	500	208	646	577	189	433	242	213	153	333	938	386	891	406	497	894	647	972	150	991	159	821	702	604	69	511	90	921	962	898	290	71	742	572	721	163	825	976	51	742	721	687	613	925	333	153	204	345	146	525	777	633	0	651	647	860	23	87	226	150	657	150	327	123	409	627	820	319	655	649	560	840	252	903	286	429	795	309	641	269	228	764	631	331	64	929	592	945	748	922	368	523	143	628	91	5	894	965	793	343	603	37	555	392	658	386	189	713	44	172	931	459	430	870	985	755	252	583	838	901	67	976	697	888	693	118	615	88	872	146	739	473	857	567	
655	651	85	515	553	569	16	314	578	6	985	880	155	234	462	710	289	673	948	999	844	773	450	146	114	149	670	914	313	702	864	317	276	953	110	986	253	645	887	95	692	767	980	402	351	567	324	374	411	60	343	632	617	250	157	906	829	891	296	671	811	101	439	872	163	635	525	615	31	0	438	201	611	409	829	879	91	955	562	767	910	921	327	116	634	929	704	392	396	791	251	974	400	170	750	696	784	11	888	570	570	735	219	335	693	123	904	898	29	223	107	623	856	566	200	884	351	868	526	794	817	753	556	144	972	734	810	578	877	845	904	238	442	694	804	727	215	247	936	469	878	588	635	253	786	111	33	477	781	698	
493	371	640	794	294	230	380	486	751	629	175	945	268	663	105	804	90	651	479	991	262	472	191	353	889	615	13	119	106	176	510	785	852	427	75	251	417	569	968	587	360	761	509	382	723	502	853	440	516	977	830	51	681	236	104	999	925	271	49	404	697	942	544	908	699	170	296	948	574	247	0	432	300	426	414	145	485	477	92	871	547	298	947	811	451	385	839	176	110	344	76	678	38	176	22	171	249	210	568	520	804	268	33	123	834	359	396	617	837	667	752	391	780	269	559	240	934	31	42	249	981	289	789	187	422	911	39	873	633	802	957	395	692	772	448	746	268	574	115	198	583	588	481	300	900	500	487	435	804	434	
54	889	477	216	700	601	908	428	371	713	291	506	274	841	811	212	690	126	324	799	508	127	122	1000	265	375	842	679	394	149	854	339	65	177	709	661	696	144	175	649	609	642	863	595	517	49	82	950	408	669	895	611	181	686	879	288	303	977	183	503	384	942	668	184	485	385	590	169	265	848	160	0	725	792	429	95	723	287	645	752	505	3	439	751	825	735	121	534	67	243	352	139	746	321	342	389	571	168	601	976	131	959	713	822	969	946	34	440	556	17	291	558	558	554	622	836	337	443	649	326	345	412	332	333	963	669	845	114	795	420	336	898	716	698	939	378	620	6	465	461	534	201	620	260	20	356	984	965	892	103	
526	752	362	428	407	797	551	492	986	266	313	296	152	492	171	698	765	604	846	428	153	356	711	473	768	177	659	691	951	363	473	117	208	795	215	50	415	437	920	686	270	526	44	532	31	71	288	311	168	531	743	580	115	269	921	991	606	350	12	518	529	662	144	252	654	304	231	23	550	563	325	747	0	401	829	300	311	542	51	635	417	860	679	336	814	719	449	540	53	512	610	702	245	846	132	282	35	98	542	667	305	658	663	798	467	659	672	90	571	140	559	629	264	57	665	344	699	757	320	22	250	828	118	353	568	688	688	806	436	970	102	170	305	172	98	684	774	524	807	116	159	635	828	461	700	174	825	416	249	837	
713	369	542	403	217	981	559	654	416	716	414	975	135	388	415	875	867	638	893	675	241	245	443	953	497	636	638	669	518	590	697	687	797	356	953	589	580	299	274	231	509	21	65	17	746	57	939	977	147	93	878	370	543	498	703	143	615	736	820	732	897	140	723	690	219	376	339	474	134	946	521	796	334	0	575	549	576	831	914	470	268	218	327	691	295	1000	365	436	141	638	355	824	756	137	730	760	47	964	60	692	881	600	723	252	309	436	13	394	27	845	854	742	125	71	166	282	643	229	261	120	467	125	933	360	941	671	487	150	382	960	888	764	372	954	893	707	618	694	44	424	787	733	933	477	116	803	441	741	109	101	
530	684	761	812	684	902	151	491	931	223	135	6	116	443	9	195	880	503	690	701	158	831	776	230	672	609	857	149	601	522	895	977	909	41	550	613	138	57	825	308	278	522	402	542	849	681	361	348	36	542	78	384	922	871	114	329	750	524	387	790	637	75	399	312	365	245	484	309	134	32	836	163	672	38	0	94	185	198	798	195	228	410	410	223	385	448	401	961	581	775	589	796	277	549	287	294	515	258	641	25	559	57	797	329	815	954	981	549	423	588	642	321	140	441	369	219	677	161	107	444	491	516	852	362	35	186	806	988	554	413	486	830	961	602	991	413	584	124	774	453	687	521	734	281	947	33	437	210	182	260	
742	429	659	739	576	182	432	707	416	393	420	813	787	370	219	777	550	707	816	876	289	79	978	47	584	820	770	19	76	766	460	25	427	282	172	303	547	240	707	280	429	389	362	602	463	239	750	135	10	98	109	300	382	354	776	758	842	954	985	157	968	37	710	817	112	108	911	61	156	639	509	921	829	127	419	0	621	188	915	74	770	435	905	87	715	589	560	432	556	754	203	527	602	8	297	773	3	815	747	11	263	851	837	125	191	592	960	888	173	313	999	582	860	329	721	167	834	430	95	402	659	866	55	588	503	4	936	896	263	150	310	633	852	224	408	252	193	598	280	857	954	174	675	378	125	956	178	21	63	873	
480	855	58	321	269	618	638	820	234	736	590	335	110	960	701	620	817	993	344	23	447	669	821	555	15	672	828	412	804	344	509	870	587	831	826	862	806	622	478	927	825	357	823	649	964	737	608	829	880	325	602	411	557	692	860	223	978	845	545	930	935	625	897	285	408	9	114	835	899	99	424	319	692	158	274	972	0	726	659	303	92	765	632	777	371	209	87	322	861	110	156	164	804	410	607	189	270	823	478	314	343	513	335	571	204	706	20	872	248	685	519	674	865	527	705	149	341	508	270	844	666	841	267	118	395	502	291	504	354	63	965	435	930	123	410	407	468	860	926	320	789	632	829	839	357	343	744	149	131	990	
680	68	751	188	250	150	664	523	4	658	583	481	375	491	900	168	125	884	216	730	501	402	203	865	660	312	150	509	54	681	843	535	318	489	212	591	818	316	938	753	795	628	455	549	715	581	157	591	608	651	304	548	544	678	234	182	573	765	886	137	115	497	183	151	135	603	361	305	91	449	72	976	271	317	144	91	938	0	342	741	841	474	211	732	129	496	789	922	352	455	100	347	531	582	661	453	190	412	763	959	476	60	460	292	479	529	325	580	819	868	496	684	334	132	836	253	715	668	150	907	647	147	615	71	811	984	14	23	435	685	320	980	598	662	805	421	520	457	413	138	796	736	538	459	222	13	655	833	824	85	
257	661	75	817	534	505	752	721	708	628	943	281	18	618	592	168	21	578	857	734	804	641	975	647	276	296	464	38	27	890	937	339	919	489	147	119	311	849	947	136	973	300	202	784	530	511	658	331	650	21	755	529	346	899	892	880	831	28	686	222	472	54	813	733	951	61	112	40	492	518	644	213	51	671	44	36	223	517	0	420	703	87	301	677	569	887	399	971	124	98	624	782	534	671	639	406	444	786	346	954	514	388	610	443	41	29	741	196	666	625	474	853	83	497	802	129	303	900	613	756	706	589	810	385	502	535	476	250	287	94	913	393	806	704	204	832	420	540	38	196	869	961	904	823	839	130	44	581	43	552	
461	911	827	289	220	167	909	600	308	467	487	933	161	189	667	303	60	650	253	990	994	546	787	382	542	776	52	9	75	10	516	940	615	451	95	565	781	695	331	99	633	367	443	830	89	766	410	513	458	322	621	638	801	951	124	968	340	49	138	470	311	360	546	855	123	513	61	793	252	883	369	959	90	79	892	162	531	587	834	0	822	822	464	475	513	555	459	377	960	466	561	456	930	1	615	446	249	89	353	613	662	763	73	111	36	607	82	282	616	382	621	764	415	329	508	944	961	880	246	529	60	536	426	7	580	455	191	88	770	762	347	817	939	505	114	205	346	792	282	932	424	138	804	352	635	369	238	28	637	305	
63	126	903	150	34	430	925	122	543	831	227	372	990	142	400	502	590	553	602	933	397	35	595	894	576	933	522	247	93	902	741	116	863	197	510	356	202	774	547	979	96	828	123	368	900	703	669	378	588	622	443	70	36	726	752	580	345	707	45	788	867	846	786	739	102	801	603	650	330	727	272	136	778	487	122	415	43	250	379	821	0	702	826	670	460	695	782	527	187	558	827	331	494	470	854	827	660	740	551	365	744	474	616	76	235	485	7	353	855	508	943	545	655	722	910	545	269	686	82	96	75	96	5	204	87	935	19	232	737	705	554	604	334	274	177	637	818	153	612	335	786	271	583	888	464	249	641	494	186	744	
219	484	901	112	976	185	501	645	80	682	121	661	472	361	797	489	556	253	727	917	551	284	982	891	378	279	736	547	275	869	812	423	120	490	687	27	501	185	354	874	714	168	563	79	689	67	491	1	302	764	865	651	792	881	437	818	175	62	23	688	398	717	729	929	426	995	522	468	828	812	781	476	708	690	417	96	150	850	226	344	74	0	552	40	265	934	661	358	386	999	429	942	944	544	478	738	55	881	885	862	562	532	139	829	732	20	864	98	120	591	767	24	103	702	315	819	872	994	392	169	748	209	885	707	90	577	56	88	16	404	666	228	172	677	861	532	970	482	547	622	295	467	801	127	517	426	60	676	855	315	
770	509	944	646	709	903	175	618	283	242	310	20	82	970	667	352	370	369	710	872	979	837	36	27	864	454	948	127	572	610	800	498	420	468	670	717	493	875	447	810	152	879	391	696	491	274	919	437	523	36	752	299	638	423	729	846	797	444	874	325	481	989	561	702	358	581	437	543	678	405	658	322	119	897	765	41	263	922	1000	299	566	445	0	855	589	86	892	724	685	135	451	128	947	430	782	267	808	62	136	647	347	175	503	64	346	30	103	822	534	846	300	21	635	445	956	60	670	426	124	414	399	574	42	894	561	904	251	710	256	710	334	818	299	280	616	888	865	663	361	843	832	230	87	64	628	32	145	600	878	306	
295	159	333	506	769	12	145	169	261	490	973	869	125	823	668	298	184	395	584	25	143	459	999	721	330	943	719	590	573	288	723	991	182	54	855	716	632	441	312	800	276	175	216	803	142	653	136	844	318	281	766	749	209	888	202	166	911	979	676	151	246	527	56	984	159	469	124	987	79	191	89	685	593	836	960	473	1	958	559	614	892	50	236	0	162	231	536	786	726	773	228	986	835	85	140	203	101	667	202	557	960	542	228	138	257	338	282	974	462	535	200	664	312	913	870	2	288	865	860	270	872	460	249	929	995	299	302	61	239	747	862	593	738	901	569	531	491	473	290	585	122	486	733	588	259	221	716	935	79	215	
204	511	620	116	572	346	910	774	542	5	837	269	257	465	121	484	118	981	211	788	905	74	662	120	27	107	14	952	766	627	880	137	800	76	530	949	763	29	252	80	740	980	879	171	235	892	69	372	434	72	250	677	682	49	985	379	674	404	754	378	234	696	498	632	231	870	11	767	823	97	158	535	200	873	662	524	307	155	703	555	359	99	287	594	0	604	373	459	193	620	303	893	836	769	547	437	218	203	740	710	211	24	159	459	909	273	981	561	463	795	789	606	778	691	231	242	133	230	702	77	400	928	38	466	492	58	383	826	329	2	943	892	519	142	151	843	185	504	703	728	422	753	124	522	234	47	971	652	413	785	
414	294	362	781	478	278	347	759	121	24	147	109	71	827	460	152	728	767	794	718	384	92	968	438	973	892	793	163	840	596	154	533	210	262	350	252	674	683	1	30	244	783	306	283	195	637	475	840	570	309	386	697	8	964	733	914	946	315	81	663	389	698	444	474	53	294	388	765	7	344	655	769	254	320	884	478	956	450	530	188	686	16	824	505	662	0	128	949	908	443	87	169	522	651	358	667	343	692	93	948	96	576	5	35	606	911	778	179	460	705	240	427	149	36	53	420	400	146	984	680	190	351	665	576	70	762	593	807	613	834	363	182	140	347	187	775	677	768	925	470	655	899	761	100	714	139	590	470	452	366	
709	54	30	119	968	808	521	33	426	448	493	813	200	762	450	928	721	802	856	633	530	717	301	937	309	783	845	308	418	718	623	399	790	567	669	683	308	48	980	417	194	6	693	149	861	736	395	336	983	875	517	105	752	96	63	324	794	539	4	342	562	356	223	200	260	11	83	538	693	232	134	737	311	961	197	924	833	976	228	763	197	892	6	273	447	766	0	188	740	602	31	393	834	668	561	221	127	461	315	751	668	828	744	25	762	971	394	423	239	997	194	96	736	828	508	937	552	631	801	46	736	500	525	714	400	850	955	400	716	51	469	659	82	808	880	115	131	678	215	57	225	159	927	726	728	188	283	895	847	249	
561	123	41	497	580	871	911	380	379	202	608	230	530	757	116	962	456	918	125	247	705	293	263	825	317	965	618	899	305	199	86	476	548	796	790	680	892	810	799	993	122	417	387	508	923	270	57	473	736	136	200	38	673	57	532	427	566	318	391	595	566	211	220	345	251	25	224	449	453	441	218	817	454	190	972	711	134	622	522	525	433	289	915	491	61	246	230	0	555	248	105	975	523	586	721	993	118	374	890	758	516	623	950	877	676	97	321	996	439	485	509	614	694	473	19	542	54	111	795	813	35	461	302	401	172	485	794	638	453	69	126	449	370	290	951	515	323	217	426	962	370	431	362	230	253	1	852	459	24	430	
74	530	547	979	237	645	644	215	998	947	238	473	287	528	810	14	869	889	436	968	544	783	730	187	119	522	401	610	902	679	241	457	489	885	1	564	589	556	53	96	101	735	983	400	579	100	717	116	327	18	626	948	301	474	55	875	682	433	266	874	703	165	87	698	417	173	471	655	928	622	591	513	678	539	666	884	563	141	745	282	455	940	962	975	671	764	191	142	0	460	699	369	51	608	211	492	24	738	947	956	443	940	738	992	680	971	991	423	707	150	338	632	801	651	487	374	312	287	253	764	772	365	10	229	147	856	825	999	603	68	318	921	34	666	977	307	878	794	210	316	567	142	252	890	26	980	748	789	207	365	
180	477	613	44	915	758	84	41	888	857	971	526	351	453	51	265	514	125	524	628	572	875	143	225	546	341	907	82	603	528	356	8	194	579	577	114	921	797	533	641	152	465	728	202	206	104	262	787	470	351	97	225	246	20	562	137	597	659	694	565	187	838	671	442	582	628	712	464	322	345	845	489	312	463	842	686	762	586	955	862	301	202	140	376	424	133	938	804	652	0	988	538	237	429	431	512	241	809	499	362	716	974	402	358	305	936	339	345	75	227	76	98	243	174	438	567	771	89	224	62	971	600	854	118	945	512	179	455	334	674	837	703	463	222	56	623	393	2	358	102	201	298	909	876	338	130	129	353	672	714	
532	710	37	505	795	716	274	877	347	292	73	458	604	280	336	434	396	104	944	355	327	807	631	927	582	919	139	848	893	841	312	562	226	106	988	534	426	747	776	292	966	32	858	8	607	467	169	1	901	553	272	790	670	757	671	625	285	612	526	649	657	905	123	922	864	458	694	800	140	619	507	244	389	129	512	653	894	937	64	875	748	866	39	969	284	81	895	929	676	252	0	194	796	894	320	113	338	473	654	380	286	176	412	795	13	734	24	444	57	362	499	326	962	40	923	566	196	680	505	80	94	267	885	32	426	155	390	185	913	234	567	390	385	14	734	399	441	283	838	950	291	450	255	531	491	809	821	221	952	378	
55	274	473	801	472	744	546	536	787	820	7	261	747	724	896	518	561	888	317	940	905	910	604	910	679	759	489	15	638	795	589	283	889	260	906	717	494	922	341	909	247	931	469	129	267	661	724	793	469	30	764	375	547	860	115	271	306	825	930	315	599	434	98	2	465	560	488	314	342	510	171	995	643	467	475	806	576	211	484	22	562	329	924	118	531	688	121	908	271	514	118	0	988	217	400	416	759	838	196	876	653	391	339	963	289	373	583	688	957	176	892	897	702	80	561	661	928	72	633	22	205	776	347	614	82	914	78	350	323	663	161	213	656	235	826	894	600	438	934	565	405	948	185	859	871	328	470	168	190	372	
824	161	626	388	650	2	734	564	436	349	5	662	719	971	475	681	43	939	46	207	447	817	438	293	849	369	883	976	71	892	519	78	509	754	716	739	183	889	79	325	98	268	197	386	870	808	420	449	414	555	293	342	251	717	505	290	70	140	866	226	581	307	459	286	520	194	26	293	444	676	413	967	39	604	67	755	581	242	965	11	715	69	317	108	746	257	981	234	150	219	562	412	0	256	906	179	844	345	209	421	882	967	250	193	313	357	261	96	753	94	281	45	823	610	914	404	602	68	988	170	407	979	367	957	704	784	211	77	280	823	6	844	866	258	292	802	563	266	550	307	964	615	190	989	253	114	2	388	287	89	
487	305	768	331	911	115	564	428	998	484	570	915	130	551	509	787	273	88	204	103	656	341	269	857	257	355	653	132	812	877	922	648	817	80	493	335	428	410	826	350	835	117	674	933	68	38	603	66	154	59	638	555	170	541	914	36	97	329	591	152	536	93	101	394	371	818	742	6	294	532	153	284	80	930	1000	77	413	186	77	809	687	652	248	432	93	635	748	335	279	327	315	318	472	0	38	551	639	28	300	355	714	596	944	809	399	816	498	709	899	933	882	153	999	879	730	98	428	600	895	451	212	930	388	826	357	321	487	528	271	693	240	924	713	295	191	354	903	681	629	103	838	803	326	888	819	67	86	4	593	436	
602	232	321	203	16	570	887	966	833	424	74	293	277	185	844	758	592	484	435	108	524	239	920	71	31	243	30	538	207	695	325	57	883	201	359	273	643	444	642	925	939	159	408	549	979	394	67	530	315	191	213	16	310	622	55	194	820	400	520	141	741	185	912	558	178	304	222	573	398	561	943	822	821	557	832	669	75	255	766	722	304	299	347	349	579	738	276	268	293	753	521	747	32	867	0	764	675	936	12	77	326	32	479	766	226	967	970	411	188	756	689	604	927	48	536	526	845	852	525	734	564	899	685	464	253	585	885	639	554	452	700	62	13	529	280	438	345	946	118	945	363	375	294	439	608	114	622	638	494	272	
598	935	995	93	947	982	811	367	600	187	208	798	42	583	906	34	419	409	794	173	785	970	241	978	656	709	870	615	413	307	848	215	556	501	345	411	893	52	364	970	586	638	64	126	541	17	300	385	871	709	293	304	124	293	663	7	573	207	457	974	366	428	180	986	753	945	805	934	706	775	880	219	333	113	487	133	837	244	748	585	62	563	276	844	117	924	724	366	295	380	520	391	231	98	322	0	280	916	595	743	821	634	602	584	865	848	619	184	826	330	112	825	791	863	243	509	840	278	909	777	885	52	262	388	914	129	222	129	25	61	971	168	8	525	876	492	284	586	750	33	222	556	509	132	397	362	909	704	116	21	
497	502	326	990	3	492	136	245	366	945	773	884	409	192	511	59	284	875	85	917	216	322	720	651	522	829	954	863	608	446	113	828	440	762	840	772	413	441	656	362	906	444	309	297	364	870	355	284	411	798	571	728	618	213	960	279	512	795	407	886	974	262	742	241	993	54	580	974	114	250	690	95	420	15	808	892	413	899	179	776	417	581	902	355	140	271	430	8	39	470	931	167	293	249	299	942	0	150	57	321	924	387	40	462	662	754	613	911	13	21	614	632	247	126	567	238	581	622	243	627	934	935	551	862	354	670	215	857	138	405	780	767	629	95	107	813	574	957	444	880	452	1	528	440	706	402	892	364	640	255	
742	894	753	535	526	464	384	865	607	263	404	455	718	855	315	992	154	55	478	117	740	214	218	524	489	645	527	612	717	63	516	585	259	352	530	913	370	162	335	989	746	213	150	36	160	911	422	180	526	114	552	290	526	334	765	645	824	295	151	326	458	976	871	42	760	199	391	339	620	611	272	811	127	180	383	851	417	425	372	420	974	696	875	268	314	58	766	307	430	284	387	382	786	974	818	179	13	0	181	530	894	300	323	244	380	887	946	407	110	826	349	502	56	123	352	55	346	943	665	110	503	914	54	569	589	934	321	989	364	499	586	273	90	761	811	745	702	802	610	894	755	747	562	900	784	4	107	836	326	206	
595	131	417	756	357	939	26	157	977	160	156	338	12	478	247	75	978	953	602	287	577	348	699	795	104	102	187	826	367	491	974	990	985	383	49	78	487	32	743	968	367	92	701	289	373	136	348	107	424	794	23	702	33	874	662	379	711	861	739	900	318	426	795	136	362	401	286	406	286	215	58	135	770	527	493	521	356	302	418	745	910	878	799	512	473	102	28	162	48	607	262	483	688	114	332	579	254	168	0	906	676	906	458	492	985	698	659	149	305	266	98	753	668	891	796	344	589	241	337	989	369	706	526	397	935	284	859	331	208	813	350	499	465	345	328	837	103	592	358	941	626	878	779	545	277	751	356	499	212	922	
876	936	711	437	248	743	791	922	566	270	7	120	594	82	989	77	689	853	864	51	250	957	339	352	897	330	67	34	46	920	302	179	685	998	157	226	855	950	996	34	201	902	679	718	532	486	103	189	773	340	364	371	405	172	941	857	604	76	255	749	569	383	187	524	30	343	771	912	642	552	365	61	870	715	952	312	476	433	375	82	644	529	797	9	113	220	336	103	652	22	848	831	383	551	66	942	237	339	568	0	567	888	207	355	754	435	165	884	533	722	530	175	394	198	693	305	883	341	11	67	420	321	377	879	841	624	209	315	800	4	626	892	191	555	689	133	713	666	748	480	173	478	736	348	152	163	72	128	308	809	
418	87	608	331	853	636	338	874	726	719	474	625	43	41	177	818	127	436	778	626	623	311	256	240	596	81	617	99	642	227	57	917	360	987	850	626	898	198	506	934	124	934	885	926	703	404	916	837	536	944	870	978	527	967	199	648	78	36	135	399	883	354	300	817	415	768	338	55	232	438	761	356	779	255	568	634	990	864	889	452	286	744	757	988	396	64	113	326	733	445	129	589	546	516	900	573	741	69	808	528	0	6	947	144	604	421	155	299	773	952	323	343	487	631	29	677	215	670	243	271	883	467	949	31	958	49	281	418	233	924	939	845	559	181	646	694	359	432	513	702	199	445	245	382	214	644	166	256	587	757	
400	871	605	606	900	354	931	382	707	572	293	362	66	808	490	685	710	539	51	13	314	178	368	292	47	574	890	589	932	357	864	336	222	579	998	295	985	153	762	970	407	781	1	343	777	137	731	646	804	576	794	252	717	438	568	823	473	952	681	778	742	693	406	56	654	451	780	566	69	332	773	276	720	618	749	509	576	513	288	1000	152	324	378	893	291	507	687	332	290	403	276	178	885	286	101	837	199	773	657	803	887	0	268	883	966	308	357	218	618	840	767	771	650	769	999	117	496	244	720	677	388	755	816	276	879	360	403	742	567	82	923	475	509	120	488	843	974	323	197	230	320	353	435	619	701	391	514	770	508	655	
189	322	526	451	933	263	551	736	689	415	638	86	813	372	846	551	224	239	205	942	498	363	613	307	206	567	834	316	172	776	731	781	106	543	788	915	500	38	755	293	802	577	177	20	209	163	20	373	92	22	67	669	85	871	618	532	238	257	390	93	741	793	851	285	976	18	948	10	421	618	938	182	709	981	50	948	577	112	432	954	485	672	472	191	173	764	574	735	542	856	756	837	150	228	677	472	78	333	287	857	990	698	0	134	196	458	745	391	725	76	699	530	533	338	573	68	293	674	961	75	330	435	900	283	609	22	169	600	749	4	366	53	600	737	189	261	302	338	287	769	696	795	620	185	759	900	869	238	246	965	
365	599	301	247	989	826	340	909	152	670	5	427	599	534	406	813	757	593	341	20	925	560	532	981	555	855	919	730	376	103	347	276	634	979	114	921	91	210	140	523	697	285	696	794	574	450	235	371	745	520	328	184	509	107	626	578	96	114	710	700	902	519	683	842	799	167	566	409	470	67	217	273	772	430	989	865	973	792	768	186	945	323	384	823	485	492	929	458	587	659	467	226	159	382	367	284	180	235	867	976	759	693	269	0	494	329	281	925	713	3	826	13	730	133	97	573	239	135	761	418	422	820	306	935	269	692	252	767	156	9	374	937	965	884	656	245	450	1000	62	415	952	8	478	234	403	533	132	830	51	106	
3	556	429	803	759	265	332	339	264	274	473	734	666	496	265	678	27	428	334	402	885	84	281	627	252	949	534	353	530	500	880	574	42	600	671	225	305	714	535	310	755	305	644	323	237	975	538	502	615	815	265	597	517	891	401	102	854	241	146	481	748	334	736	619	901	598	197	524	353	482	239	643	30	67	771	352	408	446	530	314	964	969	60	867	7	973	866	272	723	676	192	789	666	957	98	849	646	853	54	822	199	640	883	212	0	430	25	888	453	83	390	65	908	122	936	925	938	131	105	771	809	802	615	15	597	748	168	63	8	307	694	682	989	491	205	219	719	270	666	187	171	517	623	205	442	873	556	302	524	177	
240	757	682	540	673	423	674	809	640	269	600	653	240	218	811	997	760	544	702	597	271	91	264	392	440	632	374	968	230	255	783	625	202	6	761	121	26	152	538	555	988	367	569	956	332	189	54	605	370	697	296	962	608	416	709	434	242	802	991	433	310	78	93	538	454	552	447	929	572	867	391	576	397	618	852	224	905	123	704	322	434	598	468	422	4	138	467	796	836	713	717	26	243	461	277	101	869	435	508	923	532	159	879	281	299	0	296	519	736	616	637	960	509	297	944	20	233	43	698	640	446	671	215	272	12	430	555	142	618	494	542	545	729	389	780	172	733	693	520	243	973	913	114	702	414	175	278	583	459	334	
695	622	240	370	395	207	390	830	137	178	281	482	769	220	9	109	715	812	350	524	186	457	152	267	330	794	637	691	920	389	828	509	961	716	689	430	726	444	362	964	214	624	330	160	92	799	628	220	803	633	666	839	735	31	294	175	221	316	666	110	966	502	643	223	416	209	123	987	150	198	166	304	722	632	733	265	800	912	490	275	116	146	339	167	686	831	858	388	420	796	804	871	361	282	105	157	981	607	756	352	230	822	779	881	221	106	0	201	637	724	953	466	82	654	543	143	835	103	624	35	987	22	746	548	519	360	761	758	15	968	93	157	710	299	194	681	751	40	630	175	59	240	753	934	240	810	536	207	116	131	
473	824	3	980	822	442	773	228	964	810	756	919	835	781	188	239	563	784	763	594	773	375	187	804	367	468	606	975	516	546	226	153	276	890	29	245	504	454	994	307	49	509	900	236	449	438	251	545	777	576	485	300	317	713	854	417	757	453	59	630	325	762	180	169	64	705	680	929	112	368	718	23	545	302	224	318	535	54	306	185	981	208	44	964	727	148	996	623	482	705	272	22	19	645	475	723	165	173	597	536	255	623	584	576	973	678	760	0	422	141	215	634	744	453	641	361	92	220	66	493	276	630	80	173	255	172	500	478	904	971	238	676	803	755	13	640	708	523	325	99	570	763	783	691	581	771	267	75	116	154	
665	327	778	657	633	713	897	969	823	198	575	778	811	604	857	581	680	879	477	685	203	554	876	881	582	572	368	341	286	155	626	947	802	197	376	619	693	636	981	882	694	50	217	642	310	326	290	222	425	397	19	545	240	764	452	656	486	477	322	941	330	57	912	389	685	365	558	868	324	944	394	831	80	91	317	755	885	345	319	613	631	929	12	25	636	626	569	230	21	87	970	409	302	260	958	26	409	576	661	892	94	658	256	417	71	16	443	141	0	193	886	927	137	804	388	914	108	790	524	659	733	837	650	920	187	844	805	138	848	656	141	332	476	771	60	616	222	337	466	707	888	89	500	418	396	566	94	28	913	143	
169	82	203	164	125	557	778	98	451	294	833	224	84	228	234	163	758	913	48	207	185	766	453	239	228	632	973	198	470	667	90	335	530	431	666	123	577	40	54	177	518	194	636	570	71	851	919	277	848	51	141	592	324	587	818	737	366	266	132	28	884	990	422	278	62	153	592	721	246	913	951	464	352	996	897	966	867	251	812	162	913	863	735	294	444	218	873	720	537	712	584	40	577	933	757	619	782	696	207	784	243	960	237	313	783	326	704	340	419	0	20	327	66	633	108	741	231	976	484	568	292	622	824	563	106	429	513	7	976	497	132	646	790	856	46	280	810	971	735	593	203	613	60	410	741	177	706	286	677	297	
752	153	525	220	852	212	913	263	288	220	3	736	230	28	340	14	578	512	85	565	936	852	493	137	589	139	211	201	506	716	22	886	238	242	530	28	739	892	807	240	596	972	789	586	222	923	618	285	277	733	928	469	103	681	192	928	367	428	931	224	587	358	779	400	167	821	389	997	589	945	482	231	853	976	230	624	962	650	464	644	173	575	707	914	806	32	941	258	696	484	166	183	653	988	579	135	610	169	684	800	971	396	754	445	554	6	886	522	772	673	0	69	708	76	967	224	853	309	305	732	806	962	651	380	109	336	294	944	794	647	630	200	204	844	21	561	802	203	671	660	903	899	208	211	733	874	203	549	565	803	
581	444	661	92	337	541	291	269	252	208	954	206	452	297	466	633	509	958	557	384	180	585	183	752	455	856	918	998	412	724	515	176	458	79	318	559	245	353	41	171	750	364	366	992	642	230	98	920	298	352	678	226	803	37	804	201	758	253	31	960	91	827	798	708	449	451	914	914	753	23	694	995	661	756	655	788	114	65	939	219	509	272	471	936	182	56	995	512	750	842	89	48	494	370	231	144	51	33	225	485	997	497	74	619	303	616	620	155	76	832	550	0	738	247	134	413	498	251	722	15	413	437	878	908	862	15	139	117	155	206	185	434	680	247	453	102	85	213	759	702	964	566	68	282	843	63	938	163	441	316	
82	606	23	884	275	783	547	645	653	858	573	76	850	365	684	72	76	650	129	376	659	980	399	225	277	512	600	724	107	710	140	512	458	304	926	532	759	115	327	439	703	571	927	804	326	251	760	640	518	917	414	758	602	943	956	61	235	640	233	216	115	529	747	806	368	438	866	571	483	943	200	519	282	938	903	678	331	196	717	487	738	824	764	776	301	719	444	843	453	857	428	970	88	658	726	232	605	824	284	179	183	484	248	372	886	127	656	41	170	15	673	678	0	593	619	235	63	51	75	678	241	645	843	499	634	507	81	854	189	697	837	546	674	483	361	94	86	515	97	727	383	731	93	294	643	748	37	971	698	270	
956	322	992	329	71	757	71	508	424	914	141	675	110	415	666	822	535	675	277	904	601	358	407	94	526	556	184	601	838	653	976	492	945	585	897	994	37	139	363	274	948	75	920	773	298	112	138	602	446	702	697	759	879	716	33	618	281	977	859	520	343	817	179	607	499	986	122	327	260	276	37	415	95	744	886	493	82	559	130	733	637	735	930	590	194	666	933	624	966	159	134	147	592	461	266	925	249	821	901	826	285	496	69	889	641	409	303	612	397	67	57	320	293	0	110	856	574	138	231	691	481	598	477	536	320	184	979	413	807	236	467	65	185	911	287	188	9	842	870	964	338	740	413	857	818	773	476	260	694	256	
363	107	443	833	620	888	921	744	994	780	500	836	611	46	374	499	66	800	975	57	472	27	918	863	996	145	269	310	24	684	368	652	710	198	886	270	587	688	796	383	291	975	142	672	717	803	791	129	944	530	338	518	102	253	802	773	216	521	367	543	26	809	50	453	81	730	540	78	690	423	530	774	45	286	987	168	329	434	412	976	961	218	540	170	728	931	476	271	865	497	162	289	299	148	166	812	747	848	555	904	786	485	442	844	896	521	108	462	536	634	647	400	318	153	0	603	293	95	251	629	948	432	106	820	468	434	275	874	137	604	753	364	733	273	562	894	82	948	400	1	327	737	627	407	626	910	605	208	878	26	
935	221	117	28	58	629	943	871	368	375	395	781	19	823	724	634	710	444	928	162	859	514	646	109	773	875	598	561	296	851	254	121	837	180	649	534	50	463	914	827	201	300	274	797	744	908	678	122	49	389	149	729	355	846	9	675	265	668	283	24	392	452	692	597	111	705	209	452	690	616	526	597	848	787	23	636	471	179	571	307	531	297	538	1	950	551	112	235	821	978	674	978	815	282	337	141	276	966	949	984	107	970	99	485	748	10	914	443	423	83	250	604	709	704	374	0	259	766	603	60	901	834	660	323	799	628	431	740	289	147	865	44	490	107	755	520	412	173	578	474	289	578	190	204	669	733	649	730	478	833	
563	133	330	224	844	269	256	183	177	94	658	678	811	462	24	948	628	390	73	226	371	256	942	591	186	328	239	284	678	469	794	401	342	946	25	512	928	576	348	975	385	767	103	116	484	196	340	869	524	949	940	845	773	371	562	870	344	695	129	715	533	712	40	700	742	596	730	48	745	333	931	254	503	998	96	77	995	494	582	325	341	308	333	565	367	652	542	967	359	480	931	368	999	603	207	876	913	746	806	786	167	188	629	715	402	435	117	705	498	396	124	222	789	755	117	986	0	11	490	665	722	977	268	782	261	596	541	983	592	665	773	852	508	34	508	691	502	308	368	495	816	111	196	200	679	933	451	699	308	831	
302	644	119	364	587	897	936	43	487	985	424	852	924	852	832	690	222	292	511	27	490	565	986	227	985	273	496	261	732	800	564	620	224	654	894	41	300	804	539	334	656	524	700	523	88	263	205	982	513	305	319	256	140	280	160	670	105	504	992	309	805	683	384	746	255	31	231	880	447	576	581	963	521	536	427	773	329	156	906	959	358	529	180	347	292	62	880	71	924	676	401	805	55	692	697	240	348	271	530	641	246	292	334	163	113	189	831	892	46	379	817	709	453	460	639	700	866	0	721	755	264	603	805	938	524	738	947	336	712	246	567	639	436	246	416	510	902	953	580	120	214	887	93	649	520	357	754	616	370	887	
841	226	583	326	299	36	899	284	881	891	664	486	806	623	496	946	420	813	116	352	964	948	500	302	768	946	720	582	228	88	534	19	12	99	869	996	495	805	482	768	237	91	945	91	36	528	406	248	857	83	12	879	526	884	558	448	655	84	836	433	161	637	721	869	212	712	466	382	192	342	177	364	71	497	299	646	234	852	174	160	286	992	303	430	376	552	388	128	847	39	669	238	993	137	344	150	425	535	150	436	119	959	240	961	216	964	45	991	71	1	856	867	116	276	670	84	92	720	0	805	244	450	851	220	348	861	138	406	517	945	642	736	204	626	185	582	86	351	483	937	989	379	673	164	961	298	39	527	786	874	
373	283	644	183	929	526	908	828	410	562	731	382	864	546	457	67	226	700	372	932	112	997	528	455	243	161	673	96	681	562	431	920	477	108	585	238	975	366	550	118	168	51	959	887	704	866	753	186	508	746	626	959	506	986	522	218	766	800	340	318	738	665	476	288	450	993	427	192	62	947	697	652	611	234	546	925	196	953	677	885	973	688	65	745	849	400	904	52	52	618	777	317	275	530	400	266	922	466	937	628	94	820	565	276	389	127	708	503	971	870	372	70	175	382	776	449	765	471	637	0	38	124	804	905	524	258	750	708	532	975	710	828	210	40	434	859	769	365	562	68	709	29	347	935	733	720	339	792	472	102	
702	934	414	918	137	515	147	417	261	392	232	672	31	147	379	234	45	75	64	851	259	891	408	898	686	21	632	130	121	249	293	380	567	342	583	122	512	344	475	614	431	771	438	756	547	887	886	310	109	732	331	143	593	848	542	242	857	847	153	908	710	690	472	647	40	587	406	640	712	767	339	547	132	653	612	957	803	911	331	35	353	607	361	985	221	252	65	789	866	580	607	470	675	836	345	87	66	262	909	288	642	802	883	975	971	872	684	450	927	260	555	704	243	803	411	569	759	590	313	100	0	458	949	771	520	471	742	793	180	861	446	43	170	790	102	796	25	61	49	741	163	934	78	245	751	209	377	895	304	871	
687	93	333	344	474	580	674	908	945	543	774	376	707	224	767	532	733	77	891	19	299	336	400	426	452	633	439	188	945	159	580	877	846	829	713	510	162	130	996	680	316	332	14	533	943	493	77	363	167	270	596	658	828	411	521	425	342	496	560	388	378	11	238	216	709	721	833	674	813	749	534	69	904	742	410	522	535	121	549	901	747	999	996	837	28	841	30	4	118	920	810	984	876	649	335	146	89	514	347	525	253	158	88	241	396	367	540	504	662	5	80	344	994	897	315	611	852	959	416	659	553	0	308	717	122	825	972	837	113	444	31	745	23	560	4	66	484	122	647	346	911	754	39	780	85	300	211	841	75	580	
495	381	238	298	601	569	216	702	33	770	614	638	640	881	96	374	632	700	440	351	796	838	143	803	977	979	28	1000	430	694	526	907	408	846	172	407	825	94	955	246	121	764	800	406	22	141	943	824	544	599	403	925	344	87	103	522	571	451	804	766	657	594	764	394	514	411	319	112	243	780	691	678	381	509	713	661	400	812	733	61	942	121	719	164	130	300	432	951	427	726	327	984	4	558	325	88	630	661	349	518	503	484	584	553	189	68	439	955	542	709	371	798	954	76	922	491	307	751	506	617	155	243	0	395	371	431	504	784	62	195	394	823	601	30	892	761	909	847	24	492	247	296	18	31	235	634	486	365	971	802	
7	205	73	986	658	233	594	139	649	383	411	113	628	421	48	255	525	88	810	53	643	733	137	55	754	857	363	968	593	287	612	855	308	145	894	385	378	345	954	711	274	168	256	217	58	710	420	994	736	931	113	734	172	149	98	522	765	731	663	100	84	282	757	555	886	678	217	439	725	427	398	203	25	388	741	266	363	308	380	304	475	395	930	443	307	843	546	946	731	803	942	172	630	596	462	228	877	427	898	700	2	222	508	56	152	563	33	180	673	789	73	320	528	87	396	963	192	270	768	118	932	963	497	0	650	817	294	888	284	713	217	352	416	497	668	276	717	966	180	324	808	99	778	210	258	509	585	208	470	723	
240	693	910	944	65	416	533	748	328	603	979	194	912	251	460	643	747	103	946	74	233	832	228	433	787	448	343	100	735	13	836	940	983	192	738	248	701	273	678	207	538	350	808	184	808	292	167	158	868	29	816	758	216	794	147	219	447	851	878	348	355	556	862	172	315	242	563	850	273	975	404	194	348	978	347	380	240	963	338	675	23	733	941	825	826	477	194	913	744	354	479	901	995	69	43	889	406	459	424	359	75	912	959	157	837	511	716	844	514	7	627	42	323	72	252	915	567	399	3	723	84	301	771	935	0	247	39	499	316	543	170	137	984	981	733	519	296	134	379	652	170	436	193	924	92	2	773	986	36	374	
640	293	537	156	678	760	762	137	283	351	894	437	271	831	763	829	413	421	955	327	121	594	852	87	80	277	103	178	205	161	28	457	1	16	459	72	106	697	758	727	336	342	973	81	372	481	570	660	649	696	998	552	215	366	684	211	717	428	805	788	144	640	27	990	378	285	345	64	924	907	899	51	526	449	427	891	182	535	339	553	696	73	738	833	782	801	288	360	944	283	908	192	309	64	537	958	618	675	196	947	266	264	225	107	207	270	38	635	592	58	144	558	67	438	933	81	581	810	890	53	624	674	574	333	756	0	615	430	241	897	155	530	427	748	951	144	704	521	639	112	968	895	425	352	993	298	841	792	25	13	
617	545	315	182	127	409	45	950	327	338	527	113	387	549	326	91	696	360	81	100	11	328	364	494	252	931	379	716	794	508	49	117	222	908	139	993	868	7	742	299	240	798	240	488	197	667	821	423	76	178	520	137	843	653	949	963	540	912	276	369	735	255	425	646	706	701	554	993	744	175	497	546	473	872	771	502	873	518	976	47	138	36	731	311	446	737	740	286	527	465	444	171	34	123	473	919	693	243	259	912	836	401	734	380	690	761	17	124	861	412	438	604	83	368	467	864	596	675	569	856	536	53	379	447	451	415	0	704	433	349	918	293	964	383	157	461	360	867	498	378	881	539	951	281	213	581	276	216	753	766	
315	387	401	964	204	384	392	208	186	448	628	156	478	591	925	553	131	877	223	293	409	222	327	210	110	391	563	922	162	202	36	586	417	340	128	989	118	196	683	227	174	687	511	905	739	130	60	675	691	463	577	798	424	189	267	107	617	777	53	401	488	385	489	619	725	82	814	330	220	287	259	819	330	222	571	468	885	390	657	307	189	660	205	761	838	118	303	157	647	335	956	627	624	460	912	118	199	462	715	787	372	169	614	761	54	508	863	190	861	51	331	403	961	418	996	867	11	890	523	216	362	312	416	55	697	396	663	0	733	16	912	421	705	199	322	964	452	498	123	156	334	49	833	883	843	487	649	13	886	134	
121	343	301	369	614	520	149	971	129	593	343	30	751	471	739	693	193	623	292	726	225	89	101	826	655	976	202	536	83	729	361	233	859	665	122	725	191	996	454	773	99	340	452	850	653	735	322	679	40	852	73	18	632	711	841	705	710	995	984	786	334	23	149	931	960	420	553	700	188	446	289	33	482	569	565	765	640	798	732	579	13	13	516	174	510	941	148	796	158	115	85	134	140	880	649	684	15	326	930	783	29	643	822	742	189	431	41	277	393	115	27	651	609	650	36	138	147	644	694	741	663	1	402	693	819	459	109	12	0	586	591	748	678	866	238	229	261	637	174	472	876	944	550	575	445	987	171	210	839	417	
788	229	82	161	412	454	558	579	561	249	571	967	217	431	305	362	53	767	12	210	1000	843	960	909	841	54	883	581	703	308	187	614	284	515	893	19	294	225	504	286	162	942	314	727	761	563	265	607	784	3	252	332	667	601	219	327	898	690	484	93	398	764	240	852	381	623	613	879	452	324	525	850	341	299	23	401	506	961	908	39	304	49	837	627	191	354	947	824	41	18	600	660	969	474	108	129	38	474	746	651	648	357	828	841	355	745	83	799	521	64	500	987	125	330	455	223	149	639	266	374	927	119	878	458	848	724	281	102	320	0	995	164	680	434	327	836	945	867	550	478	159	905	544	823	595	398	45	627	983	837	
919	903	610	460	384	104	631	794	268	997	474	467	426	570	349	921	927	191	203	414	460	489	299	544	698	575	198	148	243	703	44	110	354	874	516	343	749	357	59	288	249	714	607	590	88	198	780	710	247	980	774	939	371	298	465	814	53	435	182	878	978	637	742	80	32	107	427	224	998	85	661	137	276	335	211	745	843	951	291	425	606	971	708	795	417	851	409	884	529	298	585	893	156	443	453	885	202	282	801	929	156	800	22	638	116	211	887	93	334	494	11	713	717	988	635	206	48	459	389	714	974	742	32	208	225	507	216	218	807	991	0	980	383	94	615	302	110	465	448	587	434	46	393	268	14	987	695	76	339	792	
33	627	751	469	94	571	480	175	276	417	498	952	346	661	157	229	704	93	666	484	61	383	279	245	977	126	25	984	813	903	234	951	551	389	236	717	362	65	5	776	262	102	931	971	603	428	761	288	612	259	674	956	50	467	477	506	246	921	466	508	740	644	805	911	588	369	200	119	770	268	950	179	880	592	517	58	539	681	347	775	715	631	293	129	399	382	51	717	961	956	848	984	557	643	905	599	552	304	396	2	526	282	195	9	308	711	513	637	840	243	172	42	686	547	172	179	4	561	898	311	16	40	172	531	864	131	265	488	683	129	904	0	390	518	332	958	505	857	250	199	59	715	523	436	450	563	613	286	211	745	
788	626	31	605	485	998	197	406	229	19	361	53	822	59	467	387	298	628	915	903	739	646	300	517	818	210	206	988	638	564	24	487	503	410	165	54	803	141	727	445	641	711	82	334	325	453	114	915	876	8	335	422	976	415	104	348	5	743	294	663	165	797	42	772	426	371	82	221	314	441	24	927	959	990	755	30	551	703	370	407	417	768	870	686	498	857	72	530	623	386	779	358	780	962	922	361	4	268	925	96	1	531	688	11	127	984	637	477	452	753	972	847	91	756	703	872	809	117	267	830	559	204	731	976	33	362	479	231	198	38	150	969	0	890	763	248	72	208	620	687	843	948	730	582	204	488	693	331	450	685	
826	681	695	820	596	841	717	445	326	226	572	928	952	526	495	507	584	391	936	923	306	713	129	694	627	26	660	553	475	560	957	869	177	466	95	999	907	802	148	808	902	833	794	162	995	132	162	349	163	733	410	41	556	372	933	84	388	592	313	814	869	208	298	378	618	239	909	112	353	392	903	418	233	670	983	756	254	824	522	647	691	122	750	751	56	791	456	780	516	726	778	454	52	707	975	661	84	7	1	759	789	162	445	771	184	32	981	453	226	306	727	139	689	31	660	600	598	483	427	415	539	806	582	11	375	727	790	740	607	475	219	660	16	0	513	838	866	410	608	307	351	583	291	761	63	396	627	60	715	919	
430	477	893	474	135	239	371	295	558	141	71	709	42	323	654	937	852	978	744	360	317	697	896	100	570	208	628	77	7	854	647	394	2	533	549	433	946	244	79	675	264	798	384	395	268	289	702	865	435	362	109	970	239	870	193	498	480	716	546	556	962	394	765	272	806	125	529	711	166	5	263	556	451	56	605	4	641	613	116	519	62	12	241	967	615	228	161	368	435	533	265	144	676	248	93	745	67	612	175	933	651	682	170	618	809	578	703	358	578	935	96	260	542	625	84	103	148	386	378	943	629	740	505	946	333	896	7	108	16	417	336	514	417	115	0	938	644	801	398	382	841	958	880	194	855	298	425	853	923	702	
944	770	630	566	247	417	89	206	107	234	66	965	102	132	823	409	896	53	130	972	307	314	326	54	54	849	713	530	237	805	923	837	950	155	710	828	567	730	726	566	327	392	730	3	290	347	324	802	529	124	446	409	769	675	477	64	978	87	650	983	715	861	230	506	901	163	638	9	45	69	496	845	685	215	389	296	901	108	200	629	502	879	829	512	240	376	213	886	925	818	121	248	349	978	389	892	275	618	743	781	87	631	136	636	294	24	667	559	991	208	963	153	519	630	466	457	848	835	479	112	381	843	991	925	761	87	807	803	1	626	761	358	703	51	566	0	226	248	795	363	581	680	480	78	30	733	112	411	37	17	
970	546	724	748	777	995	695	569	387	613	512	455	249	67	806	500	1000	569	599	93	856	221	932	689	185	105	148	278	415	128	515	3	902	871	404	945	662	46	781	60	813	191	218	998	833	982	197	149	349	881	900	52	654	322	723	568	166	323	252	740	441	722	540	663	22	5	527	803	584	695	719	50	734	20	817	204	912	393	913	924	243	800	432	332	758	154	146	934	926	573	853	381	287	705	998	683	228	989	862	140	593	903	590	490	862	300	830	563	839	669	884	696	794	643	731	127	320	380	706	772	8	951	551	987	865	460	395	816	382	887	408	987	247	734	784	630	0	805	489	8	849	85	514	885	633	386	221	958	308	148	
537	682	896	693	807	947	252	206	316	475	183	85	322	557	592	66	731	776	317	746	368	263	216	780	575	469	503	138	899	735	195	170	105	666	651	229	56	800	858	1000	472	596	502	209	639	630	115	388	7	275	999	535	980	204	103	634	604	731	442	371	840	617	628	665	131	331	822	136	96	30	700	517	769	360	255	594	973	641	4	899	385	611	420	826	850	830	862	480	298	847	650	446	154	313	823	267	143	124	184	670	656	485	354	382	454	751	593	351	21	769	619	481	26	887	461	708	837	605	829	270	225	769	623	457	282	233	52	494	774	573	648	286	415	246	147	643	184	0	991	963	26	198	651	768	292	33	519	296	77	515	
154	787	844	360	530	530	468	687	480	963	987	296	215	192	249	614	16	89	395	255	618	647	969	713	89	243	916	383	468	470	29	20	795	738	626	552	705	529	817	89	550	725	738	924	201	391	791	284	428	171	928	602	15	756	501	565	42	821	291	996	541	824	395	746	547	129	927	592	414	453	806	234	636	184	626	979	691	421	344	946	113	66	808	569	807	770	910	779	166	956	936	895	787	332	280	874	279	393	412	377	626	895	477	655	857	173	117	188	925	986	148	679	23	428	796	910	1	233	524	99	582	553	562	744	100	267	756	846	401	408	633	747	548	349	908	611	30	437	0	329	456	688	694	642	284	646	130	4	246	77	
753	102	364	33	269	930	384	922	734	399	894	640	271	494	413	4	841	380	220	129	6	967	558	75	449	772	121	95	260	360	380	131	74	213	903	727	438	688	63	469	972	521	970	492	294	19	960	827	529	908	786	828	58	623	679	727	755	216	341	409	818	983	750	268	4	625	299	265	846	372	900	339	516	170	121	846	470	351	683	928	103	14	174	959	751	8	643	827	948	927	585	324	325	43	436	207	647	842	929	478	563	869	424	838	736	665	883	749	541	755	214	763	386	488	40	280	463	420	913	175	196	57	284	737	211	130	159	909	244	640	960	358	503	653	803	653	599	295	817	0	713	701	847	363	101	34	323	63	17	785	
577	130	275	268	261	127	7	430	189	815	412	865	530	817	58	169	618	380	481	905	84	507	947	588	131	112	21	998	783	876	785	757	248	573	784	994	469	825	654	844	748	171	838	415	762	948	425	905	13	371	97	285	560	328	514	60	463	781	611	368	100	742	897	635	393	395	597	808	39	651	127	535	990	940	315	95	550	288	3	111	670	401	821	741	986	377	478	187	818	403	343	527	9	110	592	122	20	691	458	972	908	365	33	798	685	401	49	7	383	638	960	331	76	966	517	800	900	77	64	491	294	346	930	995	984	988	806	908	792	430	888	352	675	750	212	912	255	315	330	785	0	253	213	465	861	305	273	898	127	268	
877	655	475	873	457	931	52	999	175	635	896	495	452	950	874	982	383	129	839	477	777	686	427	119	94	309	445	83	867	147	680	99	944	331	91	588	384	147	115	767	959	336	903	495	540	324	68	436	863	711	522	711	596	259	767	679	312	749	43	955	699	601	556	137	543	101	507	431	257	760	198	504	421	628	263	817	119	395	61	380	279	46	585	740	916	971	700	131	228	200	295	657	666	603	147	861	658	667	339	441	306	965	382	625	897	160	225	836	252	466	508	199	278	686	404	934	56	53	722	180	457	542	361	204	768	273	678	489	296	128	419	315	939	263	812	588	282	506	789	50	644	0	313	971	709	533	808	35	11	744	
282	697	498	104	279	314	806	412	579	971	739	26	41	563	102	669	472	998	583	961	404	404	305	638	792	305	997	203	587	750	348	350	513	17	28	601	380	208	717	414	34	219	300	903	128	499	200	719	951	285	3	341	518	964	571	523	72	966	657	777	288	806	673	879	378	210	916	635	740	781	386	232	693	143	132	544	36	475	897	650	372	850	48	391	974	815	470	922	96	242	479	695	709	137	66	750	821	100	344	151	951	519	309	959	692	830	931	284	877	651	603	734	720	932	349	567	62	819	674	172	425	22	296	492	740	896	726	17	99	111	697	116	230	360	406	870	944	199	360	788	156	172	0	77	578	522	906	812	348	230	
986	49	481	857	488	908	193	501	451	743	144	11	35	631	59	24	686	181	339	903	4	357	207	304	628	198	967	850	678	75	7	388	307	273	160	275	729	619	845	271	155	323	236	438	192	538	227	709	99	257	454	644	828	360	718	217	597	503	92	624	287	283	839	610	525	148	2	868	593	933	753	26	806	491	805	34	39	545	429	53	414	611	640	476	623	474	825	184	101	808	786	5	837	316	396	663	530	360	134	374	65	929	780	670	118	463	770	538	94	749	497	57	663	643	496	561	868	147	215	188	382	888	521	1000	496	22	256	708	961	718	861	840	191	584	815	731	90	502	156	459	710	54	518	0	577	558	569	32	66	181	
258	673	909	358	337	944	930	568	752	553	136	674	613	894	858	621	450	466	274	633	298	162	623	72	28	605	235	331	724	893	776	241	193	470	188	703	865	807	658	885	900	375	731	437	95	282	333	833	743	436	683	877	353	933	933	731	815	661	513	126	334	601	714	561	838	903	24	768	305	39	56	415	520	907	206	538	562	321	480	141	254	149	340	933	828	180	69	534	455	847	122	303	741	388	520	19	282	828	417	657	145	208	380	190	477	821	735	945	767	874	291	919	209	55	791	361	235	792	791	931	563	114	166	438	874	54	842	24	421	820	456	386	921	57	895	306	835	812	888	610	350	981	374	681	0	566	927	275	169	205	
601	636	737	956	903	214	91	549	110	641	888	582	15	459	723	593	203	408	763	161	601	697	397	71	91	810	2	326	496	657	581	724	542	452	296	186	981	457	502	702	940	724	452	135	806	445	348	704	901	344	554	297	699	585	923	274	292	295	754	457	816	800	805	430	423	165	319	845	70	856	896	156	569	139	922	414	609	819	461	455	816	597	109	745	875	440	786	958	312	67	713	663	431	192	497	548	533	713	120	957	983	689	407	552	197	783	339	492	631	687	942	94	20	913	86	354	920	542	964	708	285	912	183	151	678	553	993	654	728	647	74	585	258	774	461	187	663	95	808	945	105	80	119	61	992	0	116	579	636	419	
404	487	532	990	389	604	99	685	228	381	980	808	528	389	995	991	783	392	706	680	827	800	85	982	958	73	612	316	36	446	142	675	929	533	718	609	442	712	953	531	24	198	877	212	994	642	721	765	850	754	880	135	740	618	959	311	442	26	658	522	587	910	626	90	949	28	746	735	488	75	898	929	445	194	515	20	695	935	35	725	273	313	364	557	745	864	657	628	883	491	928	7	456	794	110	781	225	350	679	831	790	397	853	6	620	571	252	721	895	509	715	271	812	287	629	113	690	273	929	724	25	893	342	350	948	988	355	662	747	554	702	769	157	679	708	987	908	743	729	443	633	436	504	58	849	875	0	572	148	576	
645	568	951	541	638	868	229	606	211	625	437	366	215	888	831	707	519	157	815	61	576	10	721	261	853	881	302	770	493	905	110	409	612	102	687	30	816	362	268	54	15	384	529	391	55	122	934	106	815	561	531	296	684	46	963	907	262	599	476	814	469	764	390	512	405	562	25	556	498	567	196	228	88	135	459	832	81	719	177	330	365	88	127	988	365	839	523	548	697	146	308	454	651	101	20	514	323	949	392	576	739	813	453	609	878	120	467	856	445	342	990	665	267	106	154	441	362	43	623	703	324	746	317	321	799	523	138	593	259	768	466	473	509	82	814	988	737	777	584	792	283	238	749	177	447	487	652	0	656	403	
203	127	668	145	358	816	743	425	455	822	468	710	257	951	863	759	175	463	470	313	587	866	198	947	80	7	10	435	838	759	24	431	447	540	819	991	680	604	440	489	513	560	707	236	161	576	218	425	84	530	166	854	998	626	261	6	588	884	618	358	41	792	169	840	22	78	77	757	678	506	597	631	593	177	887	461	191	93	475	355	80	244	572	441	961	968	626	474	906	211	235	872	942	170	107	469	66	524	442	709	289	906	325	243	551	976	663	682	101	509	33	149	860	248	656	216	398	19	103	584	529	461	172	536	357	795	551	143	65	606	920	174	185	675	896	166	522	830	236	417	73	392	917	855	473	588	3	229	0	267	
932	963	785	75	977	286	976	144	595	140	900	860	693	369	312	309	477	279	686	68	91	116	860	332	800	614	737	85	184	972	518	961	883	870	971	742	512	976	879	126	523	675	461	179	793	420	883	575	233	369	76	331	678	361	497	70	810	4	739	984	901	235	797	912	535	417	255	387	762	954	533	862	555	418	530	638	322	786	479	397	655	990	57	112	456	107	418	983	833	967	558	812	475	777	536	288	112	427	734	986	990	12	827	185	226	795	259	668	102	953	292	928	478	127	796	562	696	32	773	734	227	472	568	328	281	125	881	456	631	580	415	99	404	719	711	127	24	390	785	359	832	492	347	56	463	227	444	651	543	0	
