0	441	54	76	105	364	266	750	679	761	65	430	751	481	864	430	587	759	596	568	631	60	735	704	967	384	66	393	903	444	506	115	738	422	542	252	175	325	239	620	849	830	216	285	758	926	489	98	723	393	903	119	542	58	150	506	412	627	841	481	436	264	937	204	555	327	549	612	977	370	657	604	260	889	282	775	659	289	880	387	398	818	221	92	805	760	173	643	230	175	911	8	779	37	427	518	427	882	780	863	
519	0	363	816	239	728	288	5	933	247	922	782	23	389	897	150	38	652	125	421	458	885	900	529	7	332	755	191	672	929	88	266	402	561	823	187	909	364	348	849	254	528	993	115	512	534	464	84	973	67	699	685	72	674	569	674	900	407	68	782	594	471	377	528	327	7	88	578	236	114	357	71	394	959	789	366	438	42	621	972	537	946	912	862	683	723	759	879	577	373	438	463	525	292	989	645	893	49	148	510	
694	289	0	874	951	706	981	256	271	695	722	673	720	835	169	317	792	37	994	14	171	86	740	450	603	479	232	363	186	516	23	116	375	66	497	965	560	165	944	920	367	957	908	732	328	666	600	282	650	654	45	614	132	633	238	344	745	323	195	676	511	613	250	687	669	913	250	124	227	747	722	662	670	976	842	342	284	223	784	134	92	900	502	111	602	428	809	712	306	926	685	145	235	455	32	215	367	873	52	656	
303	589	865	0	17	531	46	291	550	99	928	247	715	344	689	587	24	446	767	151	498	878	10	271	952	767	779	354	634	549	364	312	833	165	218	375	875	247	777	158	910	309	63	430	823	571	708	358	611	552	712	103	765	924	70	655	481	306	247	417	537	936	882	268	663	444	394	3	474	754	321	645	476	475	908	62	307	352	494	470	630	831	185	256	699	85	914	838	158	773	453	403	332	424	466	225	889	101	270	412	
711	859	140	551	0	273	181	365	13	439	133	126	875	578	220	569	420	370	640	663	653	909	647	917	946	83	780	236	320	760	48	461	20	66	778	244	508	596	802	572	909	307	2	692	661	222	678	945	850	435	742	980	530	863	433	317	356	206	948	552	287	29	524	975	690	371	904	720	516	175	203	57	821	654	992	897	212	764	190	784	482	669	718	841	734	420	891	567	699	236	978	159	696	181	26	517	734	114	501	433	
103	312	807	274	500	0	809	471	219	280	442	763	22	772	274	305	767	130	948	804	202	486	830	628	40	945	675	305	717	448	902	472	325	933	977	527	145	220	988	750	684	681	1	662	988	88	728	343	125	413	87	517	455	445	764	994	259	804	470	674	673	808	161	666	119	734	176	66	981	164	295	549	164	831	617	943	240	550	704	615	755	574	676	93	21	520	934	117	961	568	797	164	337	774	737	266	612	66	653	921	
791	268	650	694	538	210	0	274	453	196	958	690	777	882	743	364	925	220	567	820	908	64	900	89	904	660	755	294	401	382	90	890	76	278	380	861	414	998	667	388	529	40	96	62	663	505	879	464	356	605	962	557	457	35	834	282	973	986	909	922	839	852	28	334	538	306	100	391	888	816	344	414	530	811	661	316	974	400	238	325	595	350	529	403	953	415	161	584	780	355	541	292	987	222	473	472	644	899	476	521	
394	41	754	777	377	781	635	0	67	57	191	444	806	33	633	540	428	766	294	577	635	221	968	708	427	661	237	82	993	449	314	4	419	620	568	242	173	709	846	148	284	430	279	721	962	159	486	483	897	672	71	74	650	215	720	912	8	551	488	341	625	266	198	165	605	895	533	982	730	263	135	310	55	253	143	821	352	181	172	294	121	87	691	12	511	243	203	643	299	518	807	340	528	502	127	885	255	723	689	984	
616	959	935	219	588	327	808	400	0	577	866	115	662	70	65	640	47	368	272	634	67	684	837	643	766	133	286	374	541	360	479	795	87	502	812	462	649	747	860	73	410	901	239	667	417	830	73	257	203	878	295	228	570	202	881	219	834	145	769	370	262	569	716	691	730	262	94	860	594	675	699	586	403	628	347	109	912	74	213	883	105	664	95	593	287	711	973	303	666	701	664	780	318	883	89	530	419	270	567	434	
29	709	869	539	764	565	263	416	948	0	362	230	944	135	392	713	498	729	721	303	743	677	207	403	354	271	651	431	6	25	407	316	488	841	538	729	669	939	722	82	492	771	142	43	639	118	388	981	174	234	329	239	700	883	343	977	382	591	652	750	594	484	57	152	412	440	199	352	255	514	377	693	634	847	214	212	784	639	789	754	781	977	287	255	341	364	991	171	239	968	709	389	379	564	571	209	600	913	855	681	
657	367	547	472	369	87	193	939	436	880	0	699	377	639	190	162	996	683	336	765	720	534	73	533	404	691	865	806	343	835	564	785	69	12	212	984	586	617	387	656	294	730	395	958	521	765	785	948	520	517	543	323	225	34	257	493	956	473	123	587	203	598	145	388	739	303	127	943	995	994	858	227	61	114	31	677	811	334	354	451	523	715	97	519	238	435	90	5	613	909	834	8	765	295	624	185	93	290	26	418	
149	813	526	186	129	581	235	170	734	987	9	0	904	573	693	942	713	102	898	123	677	118	800	631	669	420	497	954	48	168	278	348	135	285	9	702	629	793	433	825	19	963	522	7	587	180	180	623	3	721	974	124	932	552	721	976	372	424	233	765	737	414	650	204	559	670	519	74	843	991	521	144	545	265	133	122	435	963	679	210	755	720	143	773	84	474	793	166	419	291	929	442	363	151	566	4	426	590	902	618	
166	64	2	672	36	129	780	811	42	480	774	448	0	307	515	581	502	795	781	446	794	388	251	472	514	160	875	266	451	439	357	182	454	356	998	582	185	819	603	510	747	278	396	362	610	729	81	393	192	850	545	426	122	821	864	910	795	246	720	303	153	40	540	311	223	990	953	812	827	424	222	603	48	440	318	114	798	830	115	610	937	689	477	557	408	766	715	220	246	558	465	236	782	939	267	634	475	531	961	485	
806	649	83	267	588	944	191	550	486	457	872	192	282	0	799	929	901	810	473	643	841	580	456	292	242	306	817	385	726	515	333	460	8	698	263	537	103	917	558	438	199	209	892	865	796	523	94	431	372	786	997	745	837	724	883	25	503	598	90	71	787	328	330	765	29	607	770	961	709	37	401	52	900	102	453	862	469	101	836	380	194	159	593	677	737	517	905	898	286	56	446	988	18	880	348	130	44	542	714	522	
544	930	483	968	341	903	661	958	724	974	642	819	133	49	0	22	582	228	321	472	780	396	449	309	593	474	821	328	916	862	37	838	109	757	30	930	531	219	875	76	201	231	784	248	498	503	711	780	165	230	407	889	954	187	610	534	597	211	781	801	194	66	765	624	938	734	752	991	189	541	418	690	737	360	385	46	969	927	931	867	617	519	567	812	337	322	737	322	505	142	610	718	836	320	927	590	480	482	960	498	
333	395	996	303	427	638	851	475	33	574	396	18	691	104	969	0	785	492	313	328	537	845	410	370	846	732	65	625	689	464	706	966	938	459	413	441	914	930	290	469	400	58	690	554	707	627	384	837	471	153	913	245	315	400	319	39	842	800	820	493	145	177	37	530	385	9	4	649	28	691	235	975	38	355	302	757	140	224	224	771	888	696	185	418	760	746	870	112	715	440	649	529	453	164	803	932	565	60	655	580	
885	649	17	552	722	876	511	654	798	2	415	891	938	370	809	373	0	783	948	222	533	126	693	929	799	542	224	724	364	559	31	167	794	461	530	413	906	375	447	735	491	128	810	141	997	110	831	705	240	193	398	231	158	558	934	579	734	613	950	753	2	263	584	650	220	772	86	357	116	340	601	629	349	84	752	818	873	780	678	874	442	374	208	913	131	913	21	831	62	368	190	465	935	533	719	226	848	497	95	716	
550	776	445	1	141	584	419	487	984	211	80	860	3	910	48	981	740	0	913	911	461	879	247	119	669	537	40	77	95	735	126	586	47	489	732	793	132	609	590	500	651	544	485	684	285	315	889	617	74	25	396	206	558	113	428	97	563	97	41	242	303	538	345	153	304	963	144	565	381	866	492	635	510	682	336	475	783	66	366	97	993	474	627	450	289	756	54	581	45	120	985	669	372	511	115	644	670	149	532	626	
188	553	723	790	657	47	621	381	601	312	439	233	769	792	917	523	831	400	0	308	515	939	92	365	687	206	744	131	395	721	511	536	944	538	213	682	656	379	661	548	433	995	405	634	792	290	129	236	15	671	237	343	402	995	415	104	335	715	156	827	69	962	426	451	662	190	685	275	247	892	606	676	839	302	65	56	262	444	86	902	625	913	523	279	467	127	240	705	758	357	730	601	818	592	484	390	565	984	643	372	
300	341	873	223	984	633	612	704	229	976	784	125	687	133	346	43	726	246	934	0	791	739	436	588	894	587	739	262	354	844	305	590	886	878	797	670	987	820	181	895	388	762	397	253	694	250	756	163	997	522	585	315	107	7	30	377	114	344	460	785	228	796	616	166	697	534	796	884	657	778	448	896	882	192	75	975	60	697	517	492	3	383	143	878	517	626	301	113	405	312	506	292	719	196	157	539	885	843	731	693	
273	163	948	433	700	637	75	180	486	820	160	918	430	934	80	639	5	371	416	412	0	415	740	253	702	954	389	712	477	337	174	760	648	995	150	809	616	624	777	691	550	659	357	814	930	382	287	717	526	675	891	392	954	527	435	78	689	412	663	682	116	911	150	134	589	102	324	933	463	406	245	310	444	620	378	78	7	467	809	300	451	982	705	19	251	862	694	748	372	158	945	938	888	429	420	866	500	763	213	770	
748	536	1	81	510	226	131	400	300	29	965	544	542	503	510	939	415	44	68	959	319	0	144	36	969	825	988	192	598	349	963	680	312	153	4	492	782	4	522	273	541	491	379	402	782	607	702	177	32	622	201	438	336	82	978	447	805	791	420	625	897	856	108	534	165	885	308	727	116	470	607	867	36	627	102	97	352	974	627	147	793	417	661	172	197	893	547	27	488	18	292	208	795	654	190	454	179	288	910	201	
788	132	767	83	733	820	286	282	213	348	214	107	494	406	23	429	561	968	701	31	442	267	0	678	452	485	821	91	761	281	1	547	203	821	430	108	262	560	549	451	980	789	487	286	546	951	799	161	858	65	739	102	660	98	432	616	126	854	958	505	486	712	34	386	813	775	20	84	158	222	360	693	703	897	528	485	200	61	634	609	666	583	318	767	450	664	475	651	21	415	578	321	462	255	690	173	830	66	774	576	
163	734	860	771	292	48	128	105	604	263	249	480	318	378	569	136	112	964	186	599	186	678	943	0	244	1000	238	409	82	382	807	244	279	541	193	25	718	539	218	853	563	7	541	882	549	301	410	36	464	534	598	727	475	997	549	463	863	517	69	928	794	87	573	967	779	266	934	664	607	563	776	793	858	296	192	71	402	896	104	248	665	710	711	785	801	549	627	832	125	605	701	581	261	582	332	461	546	885	677	183	
403	509	17	715	112	1000	823	950	589	638	739	643	465	805	527	183	599	730	673	660	860	727	397	305	0	867	838	749	159	638	420	382	519	653	241	701	66	867	287	586	721	631	320	595	951	17	862	44	811	630	453	910	538	486	524	430	100	571	772	415	246	228	463	626	512	100	718	213	48	485	732	713	951	88	62	577	42	57	863	344	156	390	422	186	506	841	507	454	799	231	99	82	584	383	320	456	299	991	852	168	
76	675	319	445	504	720	703	820	310	209	896	50	770	111	61	582	820	814	597	135	600	277	89	735	23	0	518	164	72	614	311	884	574	246	576	905	869	380	791	108	852	521	912	458	331	805	296	888	337	952	948	889	913	1	342	734	213	626	168	582	915	27	548	78	903	638	139	522	850	107	68	468	130	501	567	220	666	13	419	378	619	822	909	584	610	632	794	355	588	369	990	259	736	936	926	417	556	780	203	841	
331	117	56	696	573	217	87	960	383	210	686	97	524	798	479	290	524	655	272	760	629	747	761	134	599	343	0	404	446	556	416	498	407	800	602	995	496	493	389	573	395	514	44	810	797	77	768	27	558	566	597	618	780	959	706	606	173	649	311	448	500	928	738	566	475	289	427	629	595	667	417	484	352	12	531	775	864	765	532	809	508	657	817	478	40	202	101	776	824	37	503	256	404	86	690	375	870	143	446	438	
745	493	917	859	596	300	216	996	95	701	338	737	742	564	277	165	419	374	76	173	640	995	185	765	774	145	361	0	479	128	249	420	869	723	142	257	393	2	650	545	163	389	459	186	3	193	831	1000	799	822	188	919	751	349	299	684	415	481	374	125	781	888	343	174	179	561	635	949	135	384	343	264	466	127	777	757	758	512	315	610	468	945	51	670	652	86	574	160	381	189	743	271	608	734	402	130	288	82	926	25	
253	662	42	715	834	256	855	481	203	913	183	27	459	971	228	818	69	324	683	141	577	356	379	536	337	123	249	10	0	156	903	966	197	267	933	883	308	163	438	283	936	426	556	379	843	637	412	517	65	617	14	571	451	417	155	874	174	768	151	20	900	711	359	563	626	585	933	851	817	621	665	119	984	171	778	463	642	531	269	576	564	730	445	261	514	286	557	981	587	285	322	628	490	153	115	222	990	734	805	473	
84	111	418	43	635	230	19	468	144	706	30	989	684	262	81	553	355	376	855	611	925	391	778	528	763	417	323	678	346	0	827	566	357	780	274	201	501	648	818	126	809	670	469	46	571	7	887	793	559	60	775	300	908	558	248	610	792	70	640	158	523	271	401	175	352	944	718	77	31	230	736	355	142	66	91	622	530	567	930	557	704	86	146	930	872	765	62	472	733	829	998	356	582	555	269	929	689	914	859	831	
400	39	441	836	972	85	347	86	2	146	306	63	187	186	587	577	272	114	466	500	742	55	635	911	70	672	978	835	608	393	0	545	38	537	482	434	407	346	8	286	93	819	674	46	868	56	246	232	98	963	549	676	167	523	364	430	532	667	309	351	6	893	149	128	835	833	879	414	476	856	481	156	251	974	597	605	639	368	684	186	837	802	302	563	121	324	900	305	798	446	137	99	730	177	782	463	845	304	534	660	
164	175	754	709	265	923	45	720	981	794	282	520	465	36	517	585	417	938	479	378	235	710	742	823	934	867	260	911	717	430	967	0	35	694	214	601	201	791	512	129	552	681	14	658	348	143	377	554	316	984	4	677	738	931	155	995	475	419	916	616	800	123	620	146	596	467	37	704	855	580	519	873	378	857	253	259	748	286	161	989	685	925	171	439	281	999	637	912	127	928	123	944	194	758	977	255	215	523	181	38	
936	337	951	821	65	37	814	132	306	871	957	382	44	217	397	307	335	39	245	725	738	310	296	477	428	879	230	695	884	541	29	411	0	908	93	209	965	596	462	81	159	572	898	492	973	560	12	492	122	267	978	226	418	318	356	323	743	576	461	106	312	714	378	509	998	971	369	84	977	610	940	679	283	370	622	191	987	291	101	736	861	414	696	989	423	833	731	637	871	908	273	957	707	707	761	94	273	597	244	136	
745	332	222	846	48	726	555	100	326	643	381	559	26	848	939	637	84	68	739	749	819	505	106	831	857	445	827	334	75	993	287	781	909	0	874	469	601	598	470	771	269	648	913	227	867	27	145	400	434	33	159	91	411	917	647	545	241	792	169	584	791	77	337	858	132	790	164	176	501	141	100	595	138	519	749	351	180	798	617	802	876	47	129	907	528	252	118	430	554	458	703	983	409	781	843	572	764	154	321	552	
420	485	918	382	841	261	151	643	24	877	80	959	84	652	660	949	707	583	437	856	906	245	222	616	603	988	160	606	413	754	50	445	309	270	0	197	505	908	408	542	861	9	167	317	103	641	825	478	382	940	200	629	479	289	299	96	180	637	170	976	623	208	559	640	806	896	969	944	135	867	410	396	941	54	867	385	99	523	991	968	249	227	758	687	213	928	443	739	315	551	791	714	312	740	215	33	299	990	884	905	
158	100	466	839	228	856	779	76	995	939	324	866	995	649	977	872	991	439	717	456	300	2	220	999	152	65	124	293	694	406	920	326	558	225	224	0	120	170	190	534	382	934	488	146	796	15	61	408	187	776	364	144	903	56	117	887	728	648	96	364	838	164	576	814	960	41	249	548	839	390	376	132	870	13	930	64	733	35	168	973	831	782	481	662	392	911	408	290	835	560	976	233	202	528	941	132	527	332	877	518	
715	920	279	101	6	655	26	597	774	959	681	656	579	17	189	726	818	64	628	59	152	439	777	242	43	775	20	276	251	489	276	662	358	434	841	337	0	60	541	159	715	368	333	160	271	104	282	353	704	967	891	608	356	321	94	964	351	135	540	109	245	860	520	470	956	190	241	552	336	273	374	409	905	616	874	173	235	654	865	227	949	205	177	492	476	717	356	231	272	606	325	353	102	49	993	715	128	292	296	676	
427	389	883	784	799	441	641	137	796	677	845	302	27	557	810	737	10	451	618	901	397	706	42	903	513	19	266	964	818	632	725	92	232	887	52	453	549	0	186	167	243	266	357	326	687	723	399	621	574	920	604	991	755	798	570	548	759	973	706	190	24	186	994	296	688	512	985	424	815	219	10	95	996	326	381	670	960	733	226	315	315	229	528	380	507	67	685	35	698	578	318	635	471	305	49	418	664	324	633	800	
895	857	962	935	978	486	942	27	624	274	120	3	48	561	542	248	796	476	660	870	574	256	263	266	738	461	126	139	533	858	824	467	180	727	210	143	783	556	0	200	573	111	240	351	206	942	604	8	780	191	513	223	62	254	999	452	538	488	160	834	914	118	68	214	810	318	310	810	816	83	246	819	741	782	513	472	315	476	646	716	952	418	882	454	26	447	631	302	627	9	656	738	376	251	576	267	164	653	764	866	
690	628	30	967	754	388	651	459	131	675	343	731	531	439	968	320	355	411	112	733	271	358	583	225	260	149	768	414	426	690	234	441	140	412	282	547	861	449	200	0	639	630	338	879	621	310	70	673	142	209	945	698	633	228	678	627	798	711	499	931	825	515	396	81	648	719	810	676	433	566	574	150	462	891	113	575	922	800	125	814	361	995	161	477	626	514	577	622	80	48	373	880	402	377	363	343	488	82	671	483	
767	396	602	711	726	171	424	277	674	842	814	424	303	921	252	906	608	938	128	383	584	232	83	801	90	977	184	582	78	830	226	39	430	672	301	306	888	133	776	738	0	652	299	273	285	880	677	649	735	674	796	26	174	174	327	790	941	265	773	74	500	661	434	947	816	269	737	831	575	220	82	448	239	369	524	332	327	894	52	168	86	729	479	663	243	66	340	661	684	806	781	177	787	596	775	155	814	174	192	817	
838	882	425	800	194	609	661	985	997	495	17	866	141	341	563	663	286	596	688	481	174	635	808	638	882	594	141	712	633	231	661	810	399	921	283	969	317	124	645	920	423	0	725	641	878	686	118	721	739	215	755	658	273	459	102	615	920	136	488	691	260	9	33	559	291	778	738	416	938	686	169	901	519	716	974	711	652	103	171	345	602	390	120	411	677	883	600	826	23	351	230	994	519	206	676	558	899	711	86	919	
699	679	202	644	560	902	522	345	949	306	814	155	357	387	387	586	341	391	953	248	571	614	660	25	288	88	224	355	970	382	371	137	325	271	253	882	514	292	467	839	536	110	0	629	822	339	998	372	392	226	757	560	553	117	621	969	169	375	120	13	670	536	655	49	213	198	574	19	345	782	574	328	898	797	395	169	114	740	999	243	212	139	590	487	598	140	124	935	449	668	828	346	14	22	683	770	4	481	460	468	
87	690	724	976	866	357	105	258	288	216	311	823	607	128	99	836	567	353	787	756	994	600	109	800	156	547	992	764	237	179	937	304	188	33	630	868	726	223	784	455	856	888	140	0	754	241	90	322	680	435	555	722	217	412	146	924	383	888	927	631	617	49	542	77	502	681	224	397	884	871	875	808	522	657	499	607	98	953	464	133	595	363	82	794	222	878	130	63	911	24	907	329	567	983	433	552	240	462	377	111	
720	100	177	921	25	252	257	817	504	224	234	466	661	142	358	545	794	280	153	920	168	175	622	565	438	456	493	98	964	378	67	541	959	86	466	395	733	224	531	553	971	941	465	395	0	157	285	272	736	79	379	590	950	905	667	672	962	944	60	440	819	323	374	262	208	306	909	693	638	918	486	384	118	157	865	764	519	405	792	175	112	107	575	433	976	684	925	586	434	379	258	4	115	540	577	627	542	586	56	354	
122	588	437	808	194	300	699	747	341	691	526	275	95	959	444	683	888	959	860	819	268	465	923	993	522	969	212	985	961	741	423	722	152	254	966	955	516	530	484	183	127	40	767	549	95	0	675	896	418	405	763	641	219	39	736	102	294	873	72	758	624	631	299	548	916	630	397	57	674	196	93	972	543	276	979	429	828	198	575	94	497	847	327	227	403	5	617	948	571	830	442	952	993	98	446	68	65	293	538	413	
741	633	821	786	915	20	542	605	408	246	170	996	853	134	157	603	305	869	883	788	32	195	15	554	235	424	716	338	143	710	859	762	626	605	204	423	163	655	959	490	746	758	789	274	968	482	0	955	776	400	551	968	359	966	526	391	883	118	123	767	347	904	512	888	162	195	175	312	554	1000	77	272	226	761	470	649	474	401	707	698	547	477	955	118	733	204	57	210	211	411	690	605	426	411	234	51	386	7	88	875	
28	145	782	951	517	765	101	83	545	720	993	98	436	866	433	6	229	890	779	79	676	272	765	126	149	41	406	810	469	86	534	971	28	863	563	741	628	766	821	782	81	342	53	603	522	750	786	0	352	735	712	819	112	363	560	276	348	892	713	459	134	305	81	922	265	683	32	346	121	7	469	477	321	82	458	501	165	678	777	28	68	317	903	603	155	923	288	63	870	744	659	656	959	206	871	644	76	761	310	356	
309	733	737	669	627	420	573	482	239	263	524	392	114	676	542	690	792	258	170	182	715	433	656	327	957	581	961	541	78	901	361	418	23	302	595	445	981	678	501	509	483	662	958	94	105	695	718	168	0	881	296	77	441	956	558	559	863	304	326	317	899	829	687	463	954	952	308	298	302	551	8	604	156	823	818	48	263	778	123	598	261	477	758	113	792	89	896	1000	560	447	128	837	991	474	808	442	454	56	596	726	
486	161	275	322	369	923	164	616	9	221	355	894	257	675	620	239	476	194	94	923	474	268	700	113	770	45	128	898	4	799	41	991	390	915	447	101	386	953	156	720	430	410	725	398	276	4	113	646	107	0	238	745	353	566	917	9	127	171	926	918	509	758	76	769	598	927	340	435	7	49	48	41	575	69	137	906	143	38	32	797	687	822	310	9	321	322	819	816	561	345	388	555	269	467	824	932	978	687	86	488	
344	565	615	859	326	149	385	281	544	328	63	722	408	974	315	293	708	367	829	136	23	894	57	591	945	250	716	243	27	479	383	565	262	206	263	603	44	880	187	570	26	528	136	190	251	825	579	573	168	621	0	613	778	815	633	443	753	618	525	158	670	34	96	887	731	459	539	640	361	729	685	1000	439	323	623	493	297	888	393	550	771	439	373	497	574	171	57	643	873	679	771	294	900	750	9	536	225	942	38	594	
709	846	204	93	189	485	662	716	700	613	140	262	676	33	205	386	75	714	952	873	192	600	140	774	486	87	905	225	928	496	702	244	245	482	525	397	999	104	523	518	238	956	748	865	259	540	71	616	697	533	477	0	772	358	862	8	748	699	118	458	897	360	751	667	215	364	189	184	191	987	850	688	187	385	836	344	633	357	330	753	27	578	875	312	262	426	23	191	570	836	146	251	385	448	350	134	564	480	447	469	
106	377	405	236	442	794	638	272	492	221	619	637	731	107	220	49	453	325	189	33	862	984	99	156	177	761	778	597	153	497	897	348	199	570	65	310	813	451	369	92	186	737	629	634	39	239	136	801	274	390	544	711	0	984	720	369	189	577	274	533	225	46	881	642	237	806	606	364	120	258	596	269	348	581	737	434	559	304	180	728	822	309	134	279	767	570	948	277	350	8	372	726	946	813	349	179	304	687	932	688	
777	10	725	507	728	964	622	113	526	310	930	419	657	493	941	202	810	683	59	70	87	552	542	709	289	292	648	466	398	489	101	732	153	269	124	641	208	670	504	595	246	649	746	401	226	348	834	361	49	426	470	389	600	0	871	217	683	916	757	311	625	581	910	144	201	256	275	108	697	676	924	134	583	31	345	908	259	738	816	245	653	754	872	620	872	233	750	469	391	20	518	365	704	134	836	662	878	926	699	243	
627	236	606	137	93	721	693	951	504	543	426	16	285	799	597	742	18	618	93	9	121	394	624	392	677	554	436	199	395	299	254	425	774	208	412	312	221	828	262	740	576	515	594	624	473	654	681	323	320	299	459	189	242	429	0	90	232	218	783	606	170	856	647	388	736	946	665	925	332	304	392	284	858	380	436	552	960	514	89	403	876	132	269	458	770	129	116	206	750	927	983	754	935	214	306	749	117	647	53	618	
45	829	286	567	450	443	844	724	782	783	7	84	937	573	38	352	920	774	977	994	66	794	529	711	959	500	676	25	467	6	109	12	170	989	748	351	147	757	954	349	26	432	376	13	833	851	264	526	214	410	435	679	627	45	12	0	662	346	754	294	872	239	382	250	353	603	590	83	915	374	243	966	556	37	157	227	211	380	407	353	716	565	884	210	293	602	63	474	679	143	97	990	449	916	295	338	633	114	218	428	
973	579	516	759	57	494	735	962	977	955	608	931	546	365	820	854	68	182	161	170	418	271	192	197	653	1000	426	991	574	644	305	53	275	1	816	967	988	327	485	44	806	422	982	532	223	341	618	287	739	120	810	804	423	58	784	180	0	884	483	686	968	174	12	289	992	310	369	615	901	300	493	40	769	465	204	522	982	380	165	527	725	780	423	946	64	589	703	623	801	510	686	611	317	627	439	924	411	302	434	314	
89	603	970	575	569	459	982	842	480	930	614	106	520	165	124	665	318	702	582	311	222	403	649	433	229	403	560	274	544	210	277	704	43	87	534	578	405	796	692	793	746	743	408	924	552	607	743	992	454	896	712	223	738	938	739	849	418	0	934	877	481	989	500	929	274	188	833	673	849	835	452	61	380	716	507	138	627	69	554	895	878	504	196	517	48	709	460	45	178	507	702	838	699	644	370	983	975	234	273	746	
965	788	139	609	541	470	264	805	945	920	957	917	740	253	442	60	553	326	585	982	973	104	842	996	159	236	989	822	151	502	727	753	581	720	608	345	907	376	476	281	846	247	738	168	617	163	665	46	282	615	897	687	409	33	73	79	174	397	0	333	551	74	368	866	871	897	224	45	837	735	482	424	381	913	331	855	569	781	451	947	818	92	199	716	88	894	566	540	686	295	751	41	602	713	121	483	148	426	954	440	
372	279	516	276	25	274	749	469	759	896	246	254	665	381	534	401	904	996	424	435	594	922	826	795	894	731	263	491	39	991	168	450	799	958	726	552	310	65	907	244	707	323	194	979	978	400	908	514	879	212	845	606	218	535	214	9	372	416	284	0	152	177	960	184	538	757	577	273	428	740	806	583	347	869	349	89	26	326	866	441	349	246	965	446	20	615	855	107	604	539	289	582	386	297	478	924	138	375	178	299	
663	922	490	616	148	492	190	473	258	381	653	854	707	797	839	132	230	481	449	225	932	388	29	79	931	544	72	907	184	805	192	165	139	409	725	213	53	80	990	108	357	294	872	929	659	811	651	717	213	455	430	729	153	934	244	374	177	237	974	949	0	813	758	747	680	854	624	125	344	207	931	590	201	889	18	947	819	711	897	608	3	527	281	452	1	162	986	471	514	869	569	801	1	201	435	900	866	928	400	924	
648	490	594	222	176	775	984	383	740	173	615	846	468	316	344	21	330	56	608	708	533	871	372	175	313	492	59	634	197	835	976	593	61	750	416	348	137	823	729	459	973	559	852	198	114	150	972	881	837	972	655	814	678	399	421	571	964	102	414	861	896	0	470	233	685	351	338	995	58	707	193	196	303	932	115	752	655	83	179	364	390	472	243	8	410	877	325	364	466	170	878	6	422	330	8	923	831	886	648	955	
671	656	932	738	284	99	361	252	673	41	445	361	150	485	480	266	978	42	336	955	190	443	245	129	851	389	50	741	671	866	734	713	132	271	906	347	385	17	555	8	333	795	338	211	377	491	26	894	461	301	545	191	310	128	523	407	615	640	548	488	925	555	0	693	941	383	521	401	654	366	597	919	3	714	441	370	569	61	473	192	539	500	230	880	107	778	935	608	649	799	635	342	675	626	354	125	102	227	588	290	
467	532	817	951	246	520	987	175	731	508	713	331	714	125	854	157	981	323	873	596	759	261	374	855	383	349	189	829	148	693	873	564	700	498	20	881	696	151	657	504	634	565	554	763	346	66	947	312	197	680	550	86	360	480	537	401	403	214	125	111	593	975	224	0	873	974	728	78	142	946	936	659	692	390	625	244	8	996	979	966	400	12	202	943	416	636	633	92	410	400	422	523	545	203	192	706	679	484	158	999	
741	4	666	113	268	214	927	791	162	408	447	584	831	394	15	554	888	29	54	383	899	678	716	341	676	770	392	365	336	132	109	623	352	741	990	659	808	267	487	107	984	421	518	919	899	414	329	793	615	768	777	274	540	948	384	909	552	879	320	931	546	462	908	86	0	917	749	323	850	8	580	633	400	44	596	96	845	253	553	360	594	908	576	530	310	356	98	795	81	420	601	111	346	437	891	964	428	885	645	169	
988	987	826	470	710	340	284	853	144	660	930	170	495	49	499	200	249	493	353	324	83	106	569	901	540	419	11	692	449	672	605	800	826	682	853	181	445	144	630	318	586	242	842	601	399	356	305	835	836	213	417	195	738	328	903	683	887	322	285	892	85	198	524	113	797	0	918	148	31	77	234	266	483	154	541	456	572	738	118	787	715	496	133	561	409	933	615	282	912	445	100	586	836	105	654	627	931	315	101	71	
58	143	121	382	498	47	383	349	548	847	359	65	513	635	757	2	581	622	463	875	204	21	287	193	413	339	666	626	542	782	831	927	80	313	516	661	749	147	550	737	536	592	375	746	828	343	941	828	31	660	872	641	407	871	76	795	286	988	128	24	395	276	222	892	529	325	0	708	573	475	317	106	11	856	436	662	695	956	459	660	70	463	431	578	333	226	467	242	183	663	781	209	581	864	863	112	549	844	745	881	
615	381	637	309	436	140	979	755	335	353	502	11	632	126	919	52	959	364	729	451	862	601	349	509	850	256	518	391	587	544	207	27	306	634	403	461	147	565	581	623	811	940	978	211	291	275	940	271	14	382	561	949	671	163	619	667	639	568	737	297	174	696	709	873	959	26	823	0	60	761	386	971	42	130	29	838	594	999	15	911	947	322	839	779	409	396	493	121	293	779	962	464	262	45	905	853	117	605	45	625	
648	461	868	243	988	717	626	482	80	347	761	78	760	964	687	719	319	690	280	214	497	663	525	323	768	648	861	766	957	837	644	986	426	376	354	790	941	860	437	526	783	104	937	522	429	44	806	397	823	619	523	89	896	402	810	922	950	536	795	480	98	39	398	760	713	505	500	836	0	116	566	325	338	325	142	583	387	644	153	773	46	881	887	534	772	306	901	992	85	527	205	484	555	444	314	348	20	415	794	274	
206	2	636	315	198	59	275	980	722	827	212	91	112	876	373	401	654	815	623	247	84	876	486	15	918	938	94	460	359	90	752	189	322	752	125	661	602	849	426	255	565	139	397	424	725	777	830	61	655	14	753	607	407	725	156	788	564	262	300	864	511	651	373	532	442	627	650	245	31	0	519	921	848	630	780	138	133	531	440	650	457	599	232	267	337	758	154	630	748	618	62	644	920	430	362	985	671	884	254	314	
411	643	709	265	208	156	614	662	273	92	305	168	614	838	998	932	860	522	362	965	149	969	259	861	74	586	607	627	55	802	368	246	198	119	178	601	630	750	312	447	292	182	468	56	98	93	878	773	528	601	206	625	561	409	973	176	312	597	425	444	906	715	368	902	270	284	808	714	186	86	0	283	766	335	331	376	164	560	146	176	837	622	812	591	481	328	26	596	141	705	62	674	452	227	975	927	921	523	944	365	
259	28	435	367	146	241	210	63	281	189	150	934	965	117	956	611	509	873	277	23	795	326	796	864	146	399	997	453	39	246	893	969	837	85	133	980	908	10	778	983	538	187	322	158	716	149	279	410	398	164	144	352	202	870	833	860	358	280	31	858	249	190	601	326	919	132	652	970	627	339	373	0	176	468	137	476	897	515	551	247	326	172	481	516	485	219	265	420	878	329	341	692	253	31	499	758	331	154	954	992	
457	672	314	618	804	18	631	957	399	202	314	771	973	566	417	810	991	958	64	717	253	707	63	660	560	192	549	267	159	294	414	289	528	666	258	49	146	306	806	550	416	480	894	515	161	653	339	344	477	322	281	172	747	779	5	215	897	29	573	15	947	34	688	975	544	26	880	186	601	556	877	30	0	972	774	140	54	280	681	695	200	57	472	863	377	398	10	39	934	353	94	803	572	111	175	960	82	833	656	358	
997	458	937	604	308	290	299	595	950	842	73	245	361	273	591	679	676	671	735	813	527	592	34	861	721	491	692	799	474	227	19	491	667	53	185	827	130	99	64	963	746	481	589	758	571	247	888	531	93	382	163	824	539	174	449	69	462	510	970	244	383	526	836	311	362	682	51	395	303	631	796	948	130	0	180	702	618	245	993	363	146	405	698	214	575	42	466	732	906	11	250	32	184	570	337	618	779	163	688	320	
236	467	86	320	575	78	578	756	215	561	871	271	180	298	445	679	882	781	805	67	548	32	373	7	817	929	933	366	478	135	537	255	820	398	704	411	403	710	132	966	23	598	907	892	218	445	29	454	410	258	263	893	100	405	664	502	889	422	858	639	760	92	883	993	469	168	925	174	81	435	954	493	57	196	0	396	299	539	503	747	149	598	115	184	675	593	227	27	231	688	839	928	254	66	995	895	542	510	681	692	
433	23	35	508	368	646	867	369	284	583	574	479	9	662	286	112	669	988	808	253	775	44	342	159	51	67	789	933	853	816	673	686	107	503	47	145	32	660	884	363	502	719	676	761	389	667	845	863	385	939	909	720	896	407	617	70	893	363	401	941	518	873	16	91	69	489	992	34	333	53	885	650	26	10	344	0	713	814	452	391	988	362	497	507	458	530	696	490	918	668	483	206	982	466	411	110	827	518	180	300	
768	222	17	111	237	560	448	561	110	223	705	428	8	158	403	792	316	484	448	848	1000	57	114	30	9	873	238	724	549	375	400	925	521	595	895	866	870	223	954	529	545	958	355	220	483	590	867	406	798	439	974	179	42	460	640	680	326	482	472	688	187	887	901	193	589	989	503	287	563	999	607	359	802	699	944	166	0	941	569	487	203	528	251	898	35	276	373	142	876	357	982	547	436	99	791	899	490	158	812	737	
876	301	361	951	451	177	607	259	732	877	424	26	257	713	951	157	568	208	242	323	626	110	700	439	230	454	615	771	342	762	183	342	203	804	37	922	349	693	946	465	749	829	346	241	855	218	675	229	530	308	614	119	82	784	837	898	704	620	374	821	263	291	23	533	898	64	546	153	349	656	619	972	346	763	248	518	501	0	492	968	140	969	785	983	394	148	861	769	526	248	236	412	279	980	287	500	910	963	273	665	
739	195	792	707	35	249	456	833	936	610	869	14	762	69	119	405	173	408	11	511	467	928	912	563	843	669	878	885	82	229	662	497	401	79	414	162	918	787	652	830	504	120	37	940	974	78	990	730	407	430	491	720	639	567	990	448	600	490	546	554	199	359	664	99	321	945	722	110	966	352	294	759	389	414	342	979	968	541	0	118	291	977	230	909	995	580	892	319	182	799	283	962	132	32	851	983	855	78	882	268	
554	602	705	368	859	991	556	174	539	784	904	190	451	225	41	528	505	297	161	19	435	687	872	77	43	354	800	291	868	245	264	723	668	27	900	592	698	334	594	118	130	703	912	863	127	121	309	430	129	415	765	409	135	368	761	268	190	487	598	532	570	24	612	649	269	983	594	191	334	139	561	806	443	852	142	833	730	865	699	0	349	620	101	392	83	3	178	974	495	814	830	773	849	883	774	199	188	276	528	44	
821	381	589	631	294	108	903	536	996	458	815	556	142	137	835	330	63	15	614	448	606	330	328	149	427	516	623	975	373	89	566	337	714	943	261	37	990	326	73	104	288	767	493	206	17	249	105	699	718	170	99	565	568	795	3	686	650	208	20	414	587	446	239	624	765	149	657	620	117	240	657	685	76	906	883	195	301	396	248	988	0	312	493	985	230	934	441	658	873	174	948	180	363	872	489	773	427	680	686	979	
274	861	403	727	951	770	379	359	282	676	425	143	211	149	799	553	260	681	603	402	564	391	755	711	189	314	770	471	329	593	731	123	272	452	470	436	941	744	249	763	138	708	361	751	289	269	393	778	453	599	793	893	680	429	435	381	478	194	18	414	746	449	484	607	407	242	42	710	993	879	533	94	725	854	563	270	903	215	138	796	291	0	600	932	98	278	151	820	191	725	608	297	993	461	624	704	185	918	9	822	
328	42	790	110	49	146	618	872	518	867	500	155	440	772	22	812	65	708	926	999	532	178	540	382	144	556	765	872	537	492	808	227	303	392	831	813	251	257	696	463	87	599	372	820	701	810	479	632	619	387	90	84	725	533	94	385	115	478	26	27	965	35	886	9	37	875	624	265	716	362	599	689	879	41	119	68	267	764	781	233	895	868	0	787	210	785	934	725	900	235	972	757	234	543	898	844	327	169	691	994	
884	924	445	729	774	880	275	461	323	523	282	318	631	573	998	824	74	656	277	10	316	607	684	351	812	430	185	98	54	651	408	37	107	52	10	604	885	546	443	157	339	244	620	834	481	646	992	283	91	442	138	413	508	648	23	168	874	787	680	256	861	52	355	585	864	667	241	633	294	251	291	168	49	902	321	499	311	952	900	746	238	712	773	0	982	450	549	765	535	788	165	614	741	133	411	994	206	643	802	771	
271	451	845	626	494	24	897	380	528	58	38	833	302	979	193	727	421	526	118	55	822	945	812	974	99	661	617	390	203	187	111	214	400	673	487	856	103	246	558	466	792	602	365	735	471	337	542	686	17	297	171	563	363	530	904	653	528	342	868	904	385	33	21	867	18	227	186	221	931	795	908	236	516	390	871	918	812	360	573	91	948	427	605	330	0	999	214	778	300	45	247	142	494	64	436	41	547	711	711	725	
329	953	8	900	794	580	583	571	758	159	586	336	295	972	987	91	997	538	998	233	11	90	321	495	722	752	749	917	212	717	437	664	548	347	245	876	228	912	980	794	231	238	340	503	936	42	994	381	499	292	601	462	562	150	452	525	210	769	812	552	344	92	822	947	918	559	121	414	74	631	486	179	377	122	745	976	32	622	799	4	139	76	304	119	18	0	139	399	378	952	98	488	314	565	318	690	991	7	774	44	
714	317	906	717	142	604	315	406	53	118	135	931	102	287	444	875	254	817	551	795	278	235	301	898	963	21	690	40	59	983	143	680	974	923	330	392	947	617	593	494	957	177	54	93	62	678	682	409	147	153	539	983	991	947	600	721	188	303	159	976	959	615	92	251	252	542	77	639	99	486	931	431	609	643	44	326	577	344	583	954	468	432	71	644	831	575	0	492	125	373	683	30	780	812	733	11	469	836	572	211	
763	717	348	347	897	624	163	47	382	193	684	907	655	819	744	539	634	653	441	513	840	596	185	727	370	281	539	333	303	172	95	382	404	697	708	823	134	10	833	199	116	461	164	685	608	496	695	382	216	930	696	94	848	331	513	25	74	342	295	154	816	870	174	124	913	16	364	848	99	472	501	454	561	14	80	687	5	953	271	465	294	604	324	244	389	513	354	0	590	861	516	331	378	26	770	785	863	515	889	486	
645	618	640	695	418	852	795	862	879	756	112	511	5	645	238	142	940	264	471	847	204	106	402	109	877	506	102	191	605	74	684	304	176	931	845	391	285	606	524	471	38	568	284	63	568	757	397	796	124	993	995	573	236	58	376	623	26	90	260	802	246	629	242	652	135	374	572	549	133	6	1	467	140	167	246	399	610	685	267	303	244	191	40	869	710	141	895	768	0	403	402	635	9	804	324	482	425	492	769	7	
113	395	181	571	10	664	537	397	599	709	198	271	743	22	659	19	983	234	418	190	736	390	321	708	420	878	16	636	887	181	503	725	171	158	130	121	93	828	991	905	263	23	167	681	29	376	828	974	147	72	594	805	782	572	752	957	859	955	129	16	134	642	446	302	332	560	30	619	770	118	793	26	439	601	177	314	903	732	547	640	578	71	548	133	300	268	391	25	366	0	412	566	943	558	285	263	403	882	159	929	
810	234	455	766	17	391	379	380	761	711	784	759	985	402	968	33	36	209	72	189	477	894	209	336	48	687	788	873	459	95	868	282	517	974	567	527	757	63	877	871	462	627	196	897	602	501	83	441	533	101	542	122	811	913	962	318	44	345	569	988	526	921	719	722	108	541	614	412	591	919	503	387	402	661	602	184	10	433	392	339	341	561	743	960	682	576	102	873	418	724	0	778	346	357	66	96	216	264	390	563	
84	557	568	248	839	572	419	905	869	193	512	223	167	334	307	243	956	978	20	950	161	506	848	72	937	631	144	502	677	440	507	816	695	321	136	530	476	116	807	280	456	296	961	23	310	623	892	810	929	444	291	483	589	652	37	306	777	956	525	99	425	940	243	43	422	779	665	579	257	115	632	568	472	390	755	594	488	864	700	251	948	591	727	491	133	281	516	378	443	637	792	0	93	650	845	14	653	769	217	945	
284	247	800	462	417	238	475	552	622	364	98	948	344	112	787	38	886	946	592	267	918	231	905	673	117	955	545	836	557	423	621	682	348	685	411	1	675	97	15	991	916	475	836	450	599	539	97	226	238	356	401	412	527	996	616	952	155	578	979	789	637	401	671	99	669	684	500	17	229	882	99	392	867	533	438	320	801	605	48	433	697	794	765	669	77	618	394	789	542	168	160	857	0	275	510	205	99	421	532	932	
878	169	985	278	595	525	121	41	572	934	15	560	557	305	869	51	520	640	467	488	96	272	780	650	248	361	47	761	36	973	156	346	784	853	589	265	584	520	231	628	984	253	193	18	709	684	829	243	883	328	468	73	769	383	575	784	378	749	563	498	245	277	125	999	535	842	830	235	327	373	264	191	235	520	354	428	449	114	561	566	672	220	576	790	616	340	424	746	887	335	939	345	510	0	637	414	385	459	967	173	
524	544	492	260	571	300	693	739	33	17	229	129	555	934	133	229	670	429	727	72	265	87	681	775	85	831	12	640	850	789	566	338	628	100	333	898	615	989	5	843	998	405	12	470	594	317	387	195	441	448	711	367	844	819	154	998	734	424	948	58	746	819	709	836	508	609	544	35	251	709	424	723	885	821	334	928	307	228	806	195	527	666	350	636	68	289	89	257	700	721	107	869	808	678	0	670	436	283	904	588	
862	487	468	422	923	717	153	188	486	935	517	414	45	513	985	50	543	831	307	559	991	88	66	810	608	476	559	527	930	233	498	586	52	340	570	670	546	678	505	918	537	493	23	274	280	142	295	108	161	807	207	908	201	929	91	193	988	574	20	793	133	871	117	10	380	905	223	881	416	649	966	220	112	310	259	419	997	390	698	404	506	748	463	448	606	416	573	279	897	702	223	19	653	100	243	0	916	31	823	627	
503	686	669	70	213	420	489	727	385	779	626	980	242	929	716	377	458	487	971	806	982	326	5	87	727	819	752	266	784	829	45	654	952	996	475	802	66	541	982	604	676	771	913	675	742	959	785	319	259	611	412	999	28	444	707	971	939	55	356	332	677	237	835	705	148	777	729	131	372	426	285	594	300	604	475	1	911	300	874	256	908	307	715	577	338	58	806	229	648	504	367	496	780	896	1	546	0	747	486	25	
471	305	507	671	1	536	471	232	157	342	991	216	988	659	391	318	946	112	849	384	116	350	103	401	566	397	317	896	778	676	835	115	688	161	17	491	498	866	820	265	23	819	16	50	147	40	6	591	732	974	209	64	416	813	579	539	797	952	189	183	66	64	559	981	628	358	668	409	819	272	122	886	999	174	768	696	965	853	249	830	238	667	865	783	817	4	149	19	895	221	839	374	440	543	954	465	589	0	198	507	
866	998	11	337	29	861	359	743	554	506	560	311	489	751	521	489	252	303	397	52	244	547	636	700	454	998	17	37	638	850	339	295	381	737	771	291	328	673	749	380	33	898	203	337	954	9	518	858	31	154	734	857	75	657	444	684	790	434	590	152	501	371	19	128	250	734	47	221	342	411	537	224	388	637	20	567	72	963	459	924	688	322	960	84	306	42	550	38	990	510	637	362	213	328	670	45	386	588	0	769	
466	327	803	803	762	884	283	219	192	852	781	567	46	408	288	523	580	120	36	210	419	511	585	271	292	630	112	6	958	172	195	671	616	700	721	211	587	631	228	818	732	229	847	884	225	614	130	374	682	165	656	800	658	119	619	340	589	769	102	930	188	376	818	922	519	572	93	849	235	288	233	263	196	67	225	872	332	810	529	203	517	250	366	47	460	825	868	428	390	340	583	929	463	238	555	962	584	984	224	0	
